0.00000000099999999853 0.00000000099999999853 0.00000000099999999853 0.00000000099999999853 0.00000000099999999853 0.99999999500000003039 
0.00000000099999999854 0.00000000099999999854 0.00000000099999999854 0.00000000099999999854 0.00000000099999999854 0.99999999500000003039 
0.00000000099999999853 0.00000000099999999853 0.00000000099999999853 0.00000000099999999853 0.00000000099999999853 0.99999999500000003039 
0.57592575006526736114 0.00000000099999999999 0.00155231671397807131 0.00000000099999999999 0.42252193022075457129 0.00000000099999999999 
0.63855342078284116347 0.00000000099999999999 0.01348847861347847628 0.00000000099999999999 0.34795809760368046071 0.00000000099999999999 
0.00000000099999999907 0.00000000099999999907 0.00000000099999999907 0.00000000099999999907 0.00000000099999999907 0.99999999499999991937 
0.00000000099999999899 0.00000000099999999899 0.00000000099999999899 0.00000000099999999899 0.00000000099999999899 0.99999999499999991937 
0.00000000099999999904 0.00000000099999999904 0.00000000099999999904 0.00000000099999999904 0.00000000099999999904 0.99999999499999991937 
0.00000000099999999867 0.00000000099999999867 0.00000000099999999867 0.00000000099999999867 0.00000000099999999867 0.99999999499999991937 
0.00000000099999999872 0.00000000099999999872 0.00000000099999999872 0.00000000099999999872 0.00000000099999999872 0.99999999500000003039 
0.00000000099999999865 0.00000000099999999865 0.00000000099999999865 0.00000000099999999865 0.00000000099999999865 0.99999999500000003039 
0.99999999500000003039 0.00000000099999999847 0.00000000099999999847 0.00000000099999999847 0.00000000099999999847 0.00000000099999999847 
0.99999999500000003039 0.00000000099999999859 0.00000000099999999859 0.00000000099999999859 0.00000000099999999859 0.00000000099999999859 
0.99999999500000003039 0.00000000099999999848 0.00000000099999999848 0.00000000099999999848 0.00000000099999999848 0.00000000099999999848 
0.99999999500000003039 0.00000000099999999853 0.00000000099999999853 0.00000000099999999853 0.00000000099999999853 0.00000000099999999853 
0.91334844594926944961 0.00000000099999999987 0.00000000099999999987 0.00000000099999999987 0.00000000099999999987 0.08665155005073069128 
0.99999999500000003039 0.00000000099999999853 0.00000000099999999853 0.00000000099999999853 0.00000000099999999853 0.00000000099999999853 
0.99999999499999991937 0.00000000099999999850 0.00000000099999999850 0.00000000099999999850 0.00000000099999999850 0.00000000099999999850 
0.99999999500000003039 0.00000000099999999846 0.00000000099999999846 0.00000000099999999846 0.00000000099999999846 0.00000000099999999846 
0.99999999500000003039 0.00000000099999999849 0.00000000099999999849 0.00000000099999999849 0.00000000099999999849 0.00000000099999999849 
0.99999999500000003039 0.00000000099999999848 0.00000000099999999848 0.00000000099999999848 0.00000000099999999848 0.00000000099999999848 
0.99999999500000003039 0.00000000099999999848 0.00000000099999999848 0.00000000099999999848 0.00000000099999999848 0.00000000099999999848 
0.99999999499999991937 0.00000000099999999849 0.00000000099999999849 0.00000000099999999849 0.00000000099999999849 0.00000000099999999849 
0.99999999500000003039 0.00000000099999999850 0.00000000099999999850 0.00000000099999999850 0.00000000099999999850 0.00000000099999999850 
0.99999999499999991937 0.00000000099999999854 0.00000000099999999854 0.00000000099999999854 0.00000000099999999854 0.00000000099999999854 
0.99999999499999991937 0.00000000099999999848 0.00000000099999999848 0.00000000099999999848 0.00000000099999999848 0.00000000099999999848 
0.99999999499999991937 0.00000000099999999846 0.00000000099999999846 0.00000000099999999846 0.00000000099999999846 0.00000000099999999846 
0.00000000099999999980 0.33978414725130379193 0.00000000099999999980 0.00000000099999999980 0.00000000099999999980 0.66021584874869621018 
0.28414385469545416774 0.03809019630415090563 0.48961128258857561368 0.03794247883858063719 0.14165090438874625156 0.00856128318449254737 
0.00000000099999999975 0.97392058384254720504 0.00000000099999999975 0.00000000099999999975 0.00000000099999999975 0.02607941215745299829 
0.13006655083924761884 0.44393661406124945712 0.26184772776570597319 0.02984578093144508310 0.10228445621028066370 0.03201887019207130813 
0.00000000099999999920 0.99999999500000014141 0.00000000099999999920 0.00000000099999999920 0.00000000099999999920 0.00000000099999999920 
0.00000000099999999934 0.99999999500000014141 0.00000000099999999934 0.00000000099999999934 0.00000000099999999934 0.00000000099999999934 
0.30900873429136016535 0.05801756813653521222 0.59683998035238372548 0.02112644983903147824 0.00000000099999999997 0.01500726638068958403 
0.00000000099999999929 0.99999999500000014141 0.00000000099999999929 0.00000000099999999929 0.00000000099999999929 0.00000000099999999929 
0.00000000099999999931 0.99999999500000003039 0.00000000099999999931 0.00000000099999999931 0.00000000099999999931 0.00000000099999999931 
0.02342947552917584372 0.31220906791199420915 0.08852212752049583300 0.05308678468350970514 0.41642417802836362295 0.10632836632646082420 
0.10882189439893746874 0.04916978448206320990 0.78718436825897541986 0.02094895186202433771 0.00000000099999999998 0.03387499999799961636 
0.08884735818332192836 0.22630690327323133015 0.35344699811354568508 0.06896398858399145626 0.23785614476838862208 0.02457860707752101276 
0.07872927094370621437 0.27146315127209169615 0.43580473369278360796 0.03468397051653490659 0.15919684393415217682 0.02012202964073155423 
0.05761732054146873755 0.12254181252421682269 0.44878971116485744108 0.08038704141997089769 0.27398633441980368985 0.01667777992968248052 
0.00893076997154559557 0.38142547621852590511 0.32741538849087248320 0.04076407189281106014 0.17594275537257045294 0.06552153805367452732 
0.03648003140265003441 0.01751507594349622360 0.50216187004274503991 0.02250450783353257628 0.40800852418763927654 0.01332999058993695161 
0.02022164630819306072 0.50125891599919247810 0.18084467914667934352 0.05087334713368268230 0.21427091750043925078 0.03253049391181333377 
0.00797720183524759478 0.10151343436929978481 0.51439216309998869736 0.04406786899356943815 0.30511703700773828984 0.02693229469415641883 
0.13529377495481095806 0.00000000099999999972 0.86467084359981738473 0.00000000099999999972 0.00003537844537170675 0.00000000099999999972 
0.00000000099999999947 0.09266451041930640065 0.00000000099999999947 0.00000000099999999947 0.00000000099999999947 0.90733548558069354595 
0.05155727156716084086 0.12373884357742592766 0.12081470264438563811 0.14664740790424213301 0.54098958076786274329 0.01625219353892275176 
0.05358676241719910471 0.13092349494795710307 0.11994809927520555526 0.13996988034159962844 0.52398409962842262821 0.03158766338961591091 
0.04897454844936451751 0.12648811840669008100 0.13057901443893876747 0.14106481665361023103 0.52617812190711177323 0.02671538014428465058 
0.05657359857618785709 0.18660250811149659000 0.20968943391481820182 0.15696278160010251890 0.35484556407009770762 0.03532611372729700661 
0.05263619126295935452 0.39506957662947383980 0.11625127854869159172 0.14042505770922791841 0.25233629221228248696 0.04328160363736473920 
0.28149198865886398968 0.00000000099999999993 0.60009494135452357000 0.00000000099999999993 0.11841306698661246966 0.00000000099999999993 
0.28467311979226472829 0.00000000099999999994 0.53361694922680302788 0.00000000099999999994 0.18170992798093216214 0.00000000099999999994 
0.11977370213092526641 0.06580643971433035311 0.28970555430499794758 0.00000000099999999998 0.08277720138231575708 0.44193710146743064859 
0.30465497398152097119 0.00000000099999999991 0.49705333658747502534 0.00000000099999999991 0.19829168643100403280 0.00000000099999999991 
0.00000000099999999932 0.05154954712673268102 0.00000000099999999932 0.00000000099999999932 0.00000000099999999932 0.94845044887326723781 
0.32972314301676730608 0.00000000099999999991 0.67027685298323269603 0.00000000099999999991 0.00000000099999999991 0.00000000099999999991 
0.29302987909851924142 0.00000000099999999990 0.53959258565131762442 0.00000000099999999990 0.00000000099999999990 0.16737753225016308023 
0.00000000099999999978 0.31941238515313596924 0.00000000099999999978 0.00000000099999999978 0.00000000099999999978 0.68058761084686392184 
0.00000000099999999972 0.00000000099999999972 0.00000000099999999972 0.00000000099999999972 0.99999999500000003039 0.00000000099999999972 
0.13691632987356178175 0.00000000099999999988 0.41715857145639057002 0.00000000099999999988 0.44592509567004762205 0.00000000099999999988 
0.00000000099999999957 0.00000000099999999957 0.00000000099999999957 0.00000000099999999957 0.99999999499999991937 0.00000000099999999957 
0.00000000099999999977 0.96410369884954993935 0.00000000099999999977 0.00000000099999999977 0.00000000099999999977 0.03589629715045007663 
0.00000000099999999939 0.99999999500000014141 0.00000000099999999939 0.00000000099999999939 0.00000000099999999939 0.00000000099999999939 
0.01057744343467470136 0.90579595349944541649 0.00512497558651105536 0.03724002695741345653 0.04126159952195523895 0.00000000099999999999 
0.01574755981211279146 0.92131163602486743081 0.00558304150903646702 0.00940957130064039131 0.01510399264028359709 0.03284419871305931798 
0.00897513887981057044 0.84581539863975141458 0.00000000099999999998 0.00000000099999999998 0.04196601557730444965 0.10324344490313354383 
0.00000000099999999936 0.99999999500000014141 0.00000000099999999936 0.00000000099999999936 0.00000000099999999936 0.00000000099999999936 
0.00000000099999999974 0.99999999500000003039 0.00000000099999999974 0.00000000099999999974 0.00000000099999999974 0.00000000099999999974 
0.00000000099999999949 0.99999999500000014141 0.00000000099999999949 0.00000000099999999949 0.00000000099999999949 0.00000000099999999949 
0.23375102914596074255 0.50513781142265479218 0.21269955948426252923 0.01523581185938875822 0.00000000099999999999 0.03317578708773324947 
0.02779740445980891442 0.32098678003679287363 0.04248972830273240603 0.03199634822613831725 0.37898513854560061942 0.19774460042892691436 
0.01383377592754196639 0.74073726417258234367 0.00885964385466053196 0.05388357950951352254 0.10537865816572393463 0.07730707836997761928 
0.05660220527099203702 0.14811961157298214609 0.34810663448963297117 0.08878071301138019955 0.33164161482861148622 0.02674922082640118076 
0.02178298601964221912 0.55617528547043704190 0.06895766522085179651 0.06017168977047392814 0.25982679209308234825 0.03308558142551271813 
0.11797966215472217855 0.52728511267698807696 0.21371925263559943264 0.03935519317036756393 0.02436971007235094050 0.07729106928997191150 
0.00000000099999999987 0.99999999500000014141 0.00000000099999999987 0.00000000099999999987 0.00000000099999999987 0.00000000099999999987 
0.00877318368222760811 0.49871453569684132123 0.13216365075943278806 0.05461972157722481958 0.22330967024417180955 0.08241923804010163612 
0.27986021000693722671 0.39705348951850977235 0.19059096026901661824 0.01037849242326303011 0.03698867143445020572 0.08512817634782320064 
0.00000000099999999984 0.98880211436500775601 0.00000000099999999984 0.00000000099999999984 0.01119788163499224783 0.00000000099999999984 
0.22272705404881920632 0.02260672873413515152 0.22867308674378672428 0.01184482401443442273 0.00000000099999999998 0.51414830545882439505 
0.01041081380741239529 0.93215473260848824566 0.03255699971172996976 0.01025573035727388692 0.01462172251509554453 0.00000000099999999999 
0.15361689829692246057 0.03158458703153525782 0.49684115202451123450 0.00000001602981732155 0.31795734561721372691 0.00000000099999999998 
0.38322080975020883509 0.03162980508970773125 0.47670289624375578041 0.04535649568310343160 0.06308999223322397931 0.00000000100000000000 
0.00000000099999999946 0.99999999500000003039 0.00000000099999999946 0.00000000099999999946 0.00000000099999999946 0.00000000099999999946 
0.01040294059739825007 0.88431435654240853061 0.00000000099999999998 0.01510285770054396737 0.03454065369555389675 0.05563919046409532970 
0.05592443423861209739 0.00000000099999999986 0.53140490872510537379 0.00000000099999999986 0.41267065403628244713 0.00000000099999999986 
0.00000000099999999899 0.00000000099999999899 0.00000000099999999899 0.00000000099999999899 0.00000000099999999899 0.99999999500000003039 
0.00000000099999999863 0.00000000099999999863 0.00000000099999999863 0.00000000099999999863 0.00000000099999999863 0.99999999500000003039 
0.00000000099999999858 0.00000000099999999858 0.00000000099999999858 0.00000000099999999858 0.00000000099999999858 0.99999999499999991937 
0.00000000099999999928 0.10440296734188027339 0.00000000099999999928 0.00000000099999999928 0.00000000099999999928 0.89559702865811963157 
0.15985747106542963492 0.05909625516879289664 0.32910134636489357662 0.00000000099999999996 0.00000000099999999996 0.45194492540088399002 
0.17362483556282864994 0.26853692224031588953 0.31280824363188747261 0.00856698229719059581 0.03297782659753618895 0.20348518967024128989 
0.99999999500000003039 0.00000000099999999852 0.00000000099999999852 0.00000000099999999852 0.00000000099999999852 0.00000000099999999852 
0.99999999499999991937 0.00000000099999999851 0.00000000099999999851 0.00000000099999999851 0.00000000099999999851 0.00000000099999999851 
0.99999999499999991937 0.00000000099999999852 0.00000000099999999852 0.00000000099999999852 0.00000000099999999852 0.00000000099999999852 
0.00000000099999999997 0.10879665706294906757 0.67201461252234051535 0.03787257157071822339 0.17553575142987187796 0.00578040641412021564 
0.04779135256778187235 0.55948231227396560961 0.09133493483783765299 0.08745496768544334942 0.17401683824360333896 0.03991959439136815585 
0.05209659188770410232 0.36324508478992340033 0.14043421347216189510 0.12337614201190441610 0.27411350618180729821 0.04673446165649891570 
0.03119833825415501555 0.32548116112299291247 0.19642357109223038125 0.14816340889327336838 0.22265166254750620722 0.07608185808984205267 
0.04911405855498385264 0.20639044312909332612 0.16605667780058527838 0.16047847155301747657 0.35348774673493549292 0.06447260222738464275 
0.05328187428031221085 0.04147637807937108040 0.68465011097356864855 0.04613278943852579944 0.16539111207192291886 0.00906773515629944772 
0.00000000099999999895 0.00000000099999999895 0.00000000099999999895 0.99999999499999991937 0.00000000099999999895 0.00000000099999999895 
0.00000000099999999859 0.00000000099999999859 0.00000000099999999859 0.99999999499999980834 0.00000000099999999859 0.00000000099999999859 
0.00000000099999999988 0.00000000099999999988 0.00000000099999999988 0.96353526663911281958 0.03646472936088714090 0.00000000099999999988 
0.00000000099999999891 0.00000000099999999891 0.00000000099999999891 0.99999999499999991937 0.00000000099999999891 0.00000000099999999891 
0.00000000099999999856 0.00000000099999999856 0.00000000099999999856 0.99999999499999991937 0.00000000099999999856 0.00000000099999999856 
0.00000000099999999853 0.00000000099999999853 0.00000000099999999853 0.99999999499999980834 0.00000000099999999853 0.00000000099999999853 
0.00000000099999999848 0.00000000099999999848 0.00000000099999999848 0.99999999499999980834 0.00000000099999999848 0.00000000099999999848 
0.00301416770119846593 0.03835019994123834569 0.62959314468678240218 0.02164516998440035173 0.30509058313898923531 0.00230673454739132320 
0.00000000099999999854 0.00000000099999999854 0.00000000099999999854 0.99999999499999991937 0.00000000099999999854 0.00000000099999999854 
0.00000000099999999861 0.00000000099999999861 0.00000000099999999861 0.99999999499999980834 0.00000000099999999861 0.00000000099999999861 
0.00000000099999999858 0.00000000099999999858 0.00000000099999999858 0.99999999499999991937 0.00000000099999999858 0.00000000099999999858 
0.00000000099999999864 0.00000000099999999864 0.00000000099999999864 0.99999999499999980834 0.00000000099999999864 0.00000000099999999864 
0.00000000099999999847 0.00000000099999999847 0.00000000099999999847 0.99999999499999980834 0.00000000099999999847 0.00000000099999999847 
0.00000000099999999850 0.00000000099999999850 0.00000000099999999850 0.99999999499999991937 0.00000000099999999850 0.00000000099999999850 
0.12990385697946243981 0.05063765286288497702 0.43387027490961582732 0.00179561461321132336 0.38379259963482537099 0.00000000099999999997 
0.03288738137487462465 0.00000000099999999992 0.71523395493511221499 0.00000000099999999992 0.25187866069001324520 0.00000000099999999992 
0.01109302623641068505 0.00000000099999999979 0.60920935929401631714 0.00000000099999999979 0.37969761146957298203 0.00000000099999999979 
0.06566781675099959970 0.36537583317874644528 0.22862289966509544148 0.00210349956142010571 0.31062537126034261981 0.02760457958339576981 
0.00890588447226296070 0.00000000099999999978 0.59220046224197864237 0.00000000099999999978 0.39889365028575829442 0.00000000099999999978 
0.03795405008969859190 0.00000000099999999979 0.58112059936372384428 0.00000000099999999979 0.38092534754657758622 0.00000000099999999979 
0.03769233700916954644 0.00000000099999999978 0.58191209124849285761 0.00000000099999999978 0.38039556874233754202 0.00000000099999999978 
0.05179284086288351435 0.00000000099999999977 0.40816783376356896573 0.00000000099999999977 0.54003932237354757007 0.00000000099999999977 
0.00000000099999999969 0.00000000099999999969 0.51638045466740489786 0.00000000099999999969 0.48361954133259504873 0.00000000099999999969 
0.03346951286842719114 0.16226984482366701990 0.26443005817754616782 0.00000000099999999996 0.26519233705383721267 0.27463824607652254084 
0.04321243139937174654 0.00000000099999999968 0.47870588389795820650 0.00000000099999999968 0.47808168170267001384 0.00000000099999999968 
0.03157473470606337457 0.16269375547290559902 0.26467907330850742875 0.00000000099999999996 0.26609222204723159688 0.27496021346529209151 
0.02145620580322094365 0.00000000099999999990 0.82772450998320890037 0.00234769128127531191 0.14847159093229472804 0.00000000099999999990 
0.09514768802776919776 0.03388656184741888761 0.64626788277377633651 0.02947885234087533821 0.19521901401016011901 0.00000000099999999999 
0.58921657431644502978 0.02298419492548002541 0.32579246449338500335 0.01759105806753153214 0.02694142177257275589 0.01747428642458583037 
0.36301200547637485494 0.02878668843604853186 0.58465568777770504649 0.01678964939424873112 0.00000000099999999999 0.00675596791562265656 
0.20008070323619803199 0.00000000099999999994 0.75494652362186542849 0.00686944173886918415 0.03810332940306739719 0.00000000099999999994 
0.03886511249244630622 0.01471848592764860714 0.69857216260660692786 0.01465355829604024496 0.23319067967725784496 0.00000000099999999999 
0.00209689759069006361 0.01219756819593521661 0.75722599868314088845 0.01308449099294982203 0.21539504353728389230 0.00000000099999999998 
0.00000000099999999998 0.00828389211628061117 0.62302781450439914668 0.01560473024470738004 0.35289463935521131477 0.00018892277940161541 
0.00000000099999999989 0.00996630336812133477 0.80387073718350121609 0.00000000099999999989 0.18616295644837752010 0.00000000099999999989 
0.14235029494304848874 0.00000000099999999980 0.71639089939366151771 0.00000000099999999980 0.14125880266328996737 0.00000000099999999980 
0.00509048647819674172 0.00019264338431883976 0.71419403595226660375 0.00873552287761887244 0.26482464261554561347 0.00696266869205330440 
0.07619679893739485232 0.00000000099999999994 0.92170247673276939349 0.00210072132983583470 0.00000000099999999994 0.00000000099999999994 
0.21516748194021639851 0.00000000099999999992 0.78119944489295067847 0.00363307016683297665 0.00000000099999999992 0.00000000099999999992 
0.06801560440102163985 0.00000000099999999956 0.93198439159897839001 0.00000000099999999956 0.00000000099999999956 0.00000000099999999956 
0.15812950130738617771 0.00000000099999999978 0.84187049469261376888 0.00000000099999999978 0.00000000099999999978 0.00000000099999999978 
0.09567475506289875586 0.00000000099999999992 0.73544273246676483691 0.00000000099999999992 0.16888250947033633942 0.00000000099999999992 
0.23380375318910251448 0.00000000099999999979 0.76619624281089748763 0.00000000099999999979 0.00000000099999999979 0.00000000099999999979 
0.02692989492001799171 0.00000000099999999974 0.90636823093789842254 0.00000000099999999974 0.06670187114208353529 0.00000000099999999974 
0.02939970774035060783 0.00000000099999999979 0.83843737375589255656 0.00000000099999999979 0.13216291550375672270 0.00000000099999999979 
0.06016679271958448594 0.00000000099999999992 0.43164461951081989355 0.00000000099999999992 0.50818858476959560821 0.00000000099999999992 
0.23712326788055071436 0.00000000099999999948 0.76287672811944928775 0.00000000099999999948 0.00000000099999999948 0.00000000099999999948 
0.02277371032103316789 0.01868242982480320183 0.59750934830936963671 0.01437903367169287953 0.34665547687310094283 0.00000000099999999998 
0.00000000099999999991 0.00000000099999999991 0.42640286335963145659 0.00000000099999999991 0.57156407213229509789 0.00203306150807340763 
0.00000000099999999995 0.03387590017462713959 0.67028172649795747517 0.03166066873088606987 0.26418170259652912213 0.00000000099999999995 
0.05365922606075762546 0.03954916645617354010 0.56186386064952920094 0.03600069141908296411 0.28709597048888524373 0.02183108492557128688 
0.04636121116616209042 0.29262241414220563351 0.33029001502011551272 0.09402047491356012310 0.19343396516746760860 0.04327191959048909409 
0.01248497527375032161 0.00000000099999999990 0.94526679937942159615 0.00000000099999999990 0.04224822234682810984 0.00000000099999999990 
0.00945105228698970602 0.00479929925456198253 0.85475162437249918579 0.01230462721768209311 0.11869339586826700705 0.00000000099999999998 
0.11714829794983154521 0.03725058598141572919 0.56137755361955099520 0.04004850201429295542 0.23406852485070753223 0.01010653558420115949 
0.00000000099999999916 0.00000000099999999916 0.00000000099999999916 0.00000000099999999916 0.00000000099999999916 0.99999999499999991937 
0.00000000099999999865 0.00000000099999999865 0.00000000099999999865 0.00000000099999999865 0.00000000099999999865 0.99999999499999991937 
0.00000000099999999860 0.00000000099999999860 0.00000000099999999860 0.00000000099999999860 0.00000000099999999860 0.99999999499999991937 
0.73272685927479730417 0.00000000099999999972 0.26727313672520269794 0.00000000099999999972 0.00000000099999999972 0.00000000099999999972 
0.29007389657172372166 0.00000000099999999992 0.42719156678198483279 0.00000000099999999992 0.28273453364629136386 0.00000000099999999992 
0.03338189472906561567 0.00000000099999999991 0.23903129586861798783 0.00000000099999999991 0.72758680640231621073 0.00000000099999999991 
0.15021025536448437410 0.00000000099999999976 0.36222016756345309929 0.00000000099999999976 0.48756957407206247268 0.00000000099999999976 
0.15310034397456745436 0.00000000099999999975 0.36344365282187807153 0.00000000099999999975 0.48345600020355450344 0.00000000099999999975 
0.14906956767969622990 0.00000000099999999976 0.36571617019036567475 0.00000000099999999976 0.48521425912993809693 0.00000000099999999976 
0.00000000099999999974 0.00000000099999999974 0.59380200543236150157 0.00000000099999999974 0.40619799056763827849 0.00000000099999999974 
0.00000000099999999972 0.00000000099999999972 0.63279974075910760956 0.00000000099999999972 0.36720025524089239255 0.00000000099999999972 
0.00000000099999999979 0.00000000099999999979 0.87647515962889943619 0.00000000099999999979 0.12352483637110045489 0.00000000099999999979 
0.04019441262931374576 0.46133828457620823515 0.10564500820034751494 0.12525583491542116588 0.18860241260578136657 0.07896404707292810354 
0.02117229654250179019 0.03623903965663086840 0.77367600247328605079 0.01655420768994022782 0.14000807537466417041 0.01235037826297688372 
0.00000000099999999999 0.30412433856709797375 0.52923682836290075748 0.04455985815244973419 0.08221935544580970257 0.03985961847174177008 
0.02971183558341500622 0.22516796797360419391 0.51870500513866280023 0.07558081644186336046 0.10904532582623960302 0.04178904903621514372 
0.00000000099999999988 0.00000000099999999988 0.59645460513068204733 0.00000000099999999988 0.40354539086931773273 0.00000000099999999988 
0.00000000099999999994 0.00000000099999999994 0.59393834497185260535 0.00640805479660115900 0.39965359723154619820 0.00000000099999999994 
0.00000000099999999982 0.00462557486627689866 0.99537442113372309738 0.00000000099999999982 0.00000000099999999982 0.00000000099999999982 
0.00000000099999999973 0.00000000099999999973 0.99999999500000003039 0.00000000099999999973 0.00000000099999999973 0.00000000099999999973 
0.00000000099999999969 0.00000000099999999969 0.99999999500000003039 0.00000000099999999969 0.00000000099999999969 0.00000000099999999969 
0.04437862948724374812 0.00000000099999999973 0.95562136651275630950 0.00000000099999999973 0.00000000099999999973 0.00000000099999999973 
0.01487267499428102623 0.00000000099999999966 0.98512732100571887006 0.00000000099999999966 0.00000000099999999966 0.00000000099999999966 
0.00000000099999999984 0.00000000099999999984 0.95038912572848355254 0.00000000099999999984 0.04961087027151647733 0.00000000099999999984 
0.02046964741055617293 0.00000000099999999952 0.97953034858944387775 0.00000000099999999952 0.00000000099999999952 0.00000000099999999952 
0.21175207078893032442 0.01490818732905080900 0.76302976595403804172 0.00928085303970988852 0.00000001514608131796 0.00102910774218968105 
0.06107290418625129641 0.00000000099999999998 0.81362336937946777571 0.00000000099999999998 0.11892586144325394126 0.00637786299102696859 
0.00201926540945817192 0.00000000099999999972 0.98510598259619297501 0.00000000099999999972 0.01287474899434891754 0.00000000099999999972 
0.00000000099999999975 0.00000000099999999975 0.98181417945818072468 0.00000000099999999975 0.01818581654181921844 0.00000000099999999975 
0.04651047279597676776 0.00000000099999999979 0.84939253655636826057 0.00000000099999999979 0.10409698764765480672 0.00000000099999999979 
0.06966937219463290032 0.00000000099999999983 0.81836500320645821915 0.00000000099999999983 0.11196562159890906252 0.00000000099999999983 
0.00000000099999999982 0.00000000099999999982 0.00000000099999999982 0.00000000099999999982 0.99999999500000003039 0.00000000099999999982 
0.00000000099999999991 0.00675525778558478968 0.88591413192172074886 0.00000000099999999991 0.10732801720733171902 0.00000259108536275293 
0.07698548365187454778 0.00000000099999999976 0.00000000099999999976 0.00000000099999999976 0.92301451234812537106 0.00000000099999999976 
0.00954950700565394307 0.32756015742212674091 0.08619919426238903393 0.02877068812377541959 0.07822473890908542005 0.46969571427696948929 
0.02482273660066083160 0.04701798090270396108 0.79392383203465843877 0.00175221430309428425 0.11505993233485078964 0.01742330382403165998 
0.04025882406217707460 0.00099654207696488997 0.00304403561398499441 0.00000000099999999997 0.93250680399144381116 0.02319379325542922712 
0.00000000099999999965 0.00000000099999999965 0.90830035142909493207 0.00000000099999999965 0.09169964457090491738 0.00000000099999999965 
0.15987360991854129844 0.00000000099999999958 0.84012638608145873143 0.00000000099999999958 0.00000000099999999958 0.00000000099999999958 
0.02754330797355662025 0.00000000099999999975 0.94601427776902491384 0.00000000099999999975 0.02644241125741858892 0.00000000099999999975 
0.00000000099999999955 0.00000000099999999955 0.99999999499999991937 0.00000000099999999955 0.00000000099999999955 0.00000000099999999955 
0.00000000099999999973 0.00000000099999999973 0.92677984157934933940 0.00000000099999999973 0.07322015442065048230 0.00000000099999999973 
0.01460053368895735358 0.00000000099999999985 0.92494660390203509159 0.00000000099999999985 0.06045285940900755467 0.00000000099999999985 
0.06818322928203736366 0.00000000099999999999 0.77004027734762481305 0.00859176358875097905 0.13360980844249623067 0.01957492033909044235 
0.08895184896918718886 0.00000000099999999973 0.91104355215026744386 0.00000000099999999973 0.00000459588054546954 0.00000000099999999973 
0.00000000099999999955 0.00000000099999999955 0.90613694270341393899 0.00000000099999999955 0.09386305329658595209 0.00000000099999999955 
0.00202692969410306865 0.00000000099999999963 0.99024644385631588328 0.00000000099999999963 0.00772662344958103316 0.00000000099999999963 
0.08046355291157805678 0.00000000099999999997 0.83104984629268696672 0.00132506798077242018 0.08716153081496251509 0.00000000099999999997 
0.13587412878350316192 0.02620447347830067927 0.63275735690283951840 0.03914573583680330815 0.14955803104048964736 0.01646027395806369531 
0.05501266425829985651 0.02354527133830703819 0.77869490919878658897 0.02614667981818487308 0.11042830534458671077 0.00617217004183505738 
0.00215763016940898706 0.00000000099999999995 0.66060028192885467124 0.00000000099999999995 0.33724208490173623876 0.00000000099999999995 
0.01611342513961163889 0.00000000099999999982 0.64657328670853608799 0.00000000099999999982 0.33731328515185238226 0.00000000099999999982 
0.00501757862835054604 0.00000000099999999980 0.65940883814748163516 0.00000000099999999980 0.33557358022416766685 0.00000000099999999980 
0.31289963817256599699 0.01793161248128563243 0.59356710901845055606 0.00863148427339971262 0.06603977176768505153 0.00093038428661312356 
0.03428961566126081939 0.00000000099999999964 0.00000000099999999964 0.00000000099999999964 0.96571038033873923823 0.00000000099999999964 
0.08878555542778038268 0.00000000099999999989 0.82160548055440540960 0.00000000099999999989 0.08960896101781422318 0.00000000099999999989 
0.00000000099999999928 0.00000000099999999928 0.00000000099999999928 0.00000000099999999928 0.99999999500000003039 0.00000000099999999928 
0.00000000099999999941 0.00000000099999999941 0.00000000099999999941 0.00000000099999999941 0.99999999499999991937 0.00000000099999999941 
0.00000000099999999998 0.37029823436952097326 0.25363534427809220073 0.05770262683419333932 0.30966928891169892557 0.00869450460649445409 
0.00000000099999999990 0.32579739814790359409 0.00000000099999999990 0.00000000099999999990 0.05304526956192817666 0.62115732929016820307 
0.00000000099999999989 0.12529643172557342057 0.00000000099999999989 0.00000000099999999989 0.58247693103614628374 0.29222663423828038054 
0.00000000099999999973 0.00000000099999999973 0.85947873040182753979 0.00000000099999999973 0.14052126559817235130 0.00000000099999999973 
0.00000000099999999966 0.00000000099999999966 0.99708801331369734111 0.00000000099999999966 0.00291198268630270133 0.00000000099999999966 
0.00000000099999999995 0.00000000099999999995 0.00000000099999999995 0.00000000099999999995 0.99228022517006952974 0.00771977082993043160 
0.00000000099999999963 0.00000000099999999963 0.10241801550361835649 0.00000000099999999963 0.89758198049638171501 0.00000000099999999963 
0.00000000099999999952 0.00000000099999999952 0.99999999499999991937 0.00000000099999999952 0.00000000099999999952 0.00000000099999999952 
0.00000000099999999950 0.00000000099999999950 0.99999999499999991937 0.00000000099999999950 0.00000000099999999950 0.00000000099999999950 
0.00000000099999999973 0.00000000099999999973 0.90420210950261992178 0.00000000099999999973 0.09579788649738013584 0.00000000099999999973 
0.00000000099999999982 0.01316585634534223233 0.89725464383575492811 0.00000000099999999982 0.08957949681890285676 0.00000000099999999982 
0.00000000099999999955 0.00000000099999999955 0.99999999500000003039 0.00000000099999999955 0.00000000099999999955 0.00000000099999999955 
0.00000000099999999951 0.00000000099999999951 0.99999996000228663640 0.00000000099999999951 0.00000003599771339105 0.00000000099999999951 
0.00000000099999999959 0.00000000099999999959 0.99999999499999991937 0.00000000099999999959 0.00000000099999999959 0.00000000099999999959 
0.00000000099999999952 0.00000000099999999952 0.99999999500000003039 0.00000000099999999952 0.00000000099999999952 0.00000000099999999952 
0.27518076874113711616 0.00000000099999999988 0.72410682521240166132 0.00071240304646124589 0.00000000099999999988 0.00000000099999999988 
0.00000000099999999978 0.00000000099999999978 0.63851051088430232916 0.00000000099999999978 0.36148948511569756192 0.00000000099999999978 
0.05231168208429096828 0.00000000099999999970 0.72862107020307642635 0.00000000099999999970 0.21906724471263253062 0.00000000099999999970 
0.00000000099999999970 0.00000000099999999970 0.83139153465349135974 0.00000000099999999970 0.16860846134650853134 0.00000000099999999970 
0.18787698734553390234 0.00000000099999999960 0.81212300865446607201 0.00000000099999999960 0.00000000099999999960 0.00000000099999999960 
0.05017996967223729843 0.00000000099999999990 0.43984224378838471248 0.00000000099999999990 0.50997778353937794904 0.00000000099999999990 
0.00000000099999999956 0.00000000099999999956 0.99999999499999991937 0.00000000099999999956 0.00000000099999999956 0.00000000099999999956 
0.10645075529480789445 0.00000000099999999975 0.89354924070519214929 0.00000000099999999975 0.00000000099999999975 0.00000000099999999975 
0.19576999051568350074 0.00000000099999999961 0.80423000548431644585 0.00000000099999999961 0.00000000099999999961 0.00000000099999999961 
0.05022059616251872000 0.00000000099999999969 0.72544090965860974496 0.00000000099999999969 0.22433849117887164071 0.00000000099999999969 
0.00000000099999999975 0.00000000099999999975 0.90243340934404747689 0.00000000099999999975 0.09756658665595238644 0.00000000099999999975 
0.00000000099999999938 0.99999999500000003039 0.00000000099999999938 0.00000000099999999938 0.00000000099999999938 0.00000000099999999938 
0.21155122731326736485 0.50964899308609667994 0.27879570649281310013 0.00000000099999999996 0.00000000099999999996 0.00000407110782288837 
0.00000000099999999933 0.99999999500000014141 0.00000000099999999933 0.00000000099999999933 0.00000000099999999933 0.00000000099999999933 
0.00000000099999999941 0.99999999500000014141 0.00000000099999999941 0.00000000099999999941 0.00000000099999999941 0.00000000099999999941 
0.00000000099999999921 0.99999999500000014141 0.00000000099999999921 0.00000000099999999921 0.00000000099999999921 0.00000000099999999921 
0.00000000099999999933 0.99999999500000014141 0.00000000099999999933 0.00000000099999999933 0.00000000099999999933 0.00000000099999999933 
0.00000000099999999941 0.99999999500000014141 0.00000000099999999941 0.00000000099999999941 0.00000000099999999941 0.00000000099999999941 
0.00000000099999999944 0.99999999500000014141 0.00000000099999999944 0.00000000099999999944 0.00000000099999999944 0.00000000099999999944 
0.00000000099999999910 0.99999999500000014141 0.00000000099999999910 0.00000000099999999910 0.00000000099999999910 0.00000000099999999910 
0.00000000099999999943 0.99999999500000003039 0.00000000099999999943 0.00000000099999999943 0.00000000099999999943 0.00000000099999999943 
0.00000000099999999969 0.89622875846059435467 0.00000000099999999969 0.00000000099999999969 0.00000000099999999969 0.10377123753940578621 
0.00000000099999999937 0.88345576811049930654 0.00000000099999999937 0.00000000099999999937 0.00000000099999999937 0.11654422788950087597 
0.00000000099999999984 0.84961371342635183534 0.00000000099999999984 0.00000000099999999984 0.00000000099999999984 0.15038628257364838881 
0.00000000099999999947 0.88927220464783751641 0.00000000099999999947 0.00000000099999999947 0.00000000099999999947 0.11072779135216256896 
0.00000000099999999950 0.88581529564638206153 0.00000000099999999950 0.00000000099999999950 0.00000000099999999950 0.11418470035361810710 
0.00000000099999999965 0.91203384703777667930 0.00000000099999999965 0.00000000099999999965 0.00000000099999999965 0.08796614896222340607 
0.00000000099999999969 0.89644781038062615330 0.00000000099999999969 0.00000000099999999969 0.00000000099999999969 0.10355218561937393207 
0.00000000099999999956 0.90631979999658773828 0.00000000099999999956 0.00000000099999999956 0.00000000099999999956 0.09368019600341244424 
0.00000000099999999965 0.90773779224246997632 0.00000000099999999965 0.00000000099999999965 0.00000000099999999965 0.09226220375753010905 
0.00000000099999999951 0.88110483935384975585 0.00000000099999999951 0.00000000099999999951 0.00000000099999999951 0.11889515664615028789 
0.00000000099999999928 0.03898391074111678262 0.00000000099999999928 0.00000000099999999928 0.00000000099999999928 0.96101608525888326806 
0.00000000099999999880 0.00000000099999999880 0.00000000099999999880 0.00000000099999999880 0.00000000099999999880 0.99999999500000003039 
0.00000000099999999854 0.00000000099999999854 0.00000000099999999854 0.00000000099999999854 0.00000000099999999854 0.99999999499999991937 
0.00000000099999999925 0.00000000099999999925 0.00000000099999999925 0.00000000099999999925 0.00000000099999999925 0.99999999499999991937 
0.00000000099999999925 0.00000000099999999925 0.00000000099999999925 0.00000000099999999925 0.00000000099999999925 0.99999999500000003039 
0.00000000099999999856 0.00000000099999999856 0.00000000099999999856 0.00000000099999999856 0.00000000099999999856 0.99999999499999991937 
0.00000000099999999852 0.00000000099999999852 0.00000000099999999852 0.00000000099999999852 0.00000000099999999852 0.99999999500000003039 
0.00000000099999999916 0.00000000099999999916 0.00000000099999999916 0.00000000099999999916 0.00000000099999999916 0.99999999500000003039 
