0.00000000099999999884 0.99999999599999989108 0.00000000099999999884 0.00000000099999999884 0.00000000099999999884 
0.00000000099999999884 0.99999999599999989108 0.00000000099999999884 0.00000000099999999884 0.00000000099999999884 
0.00000000099999999884 0.99999999599999989108 0.00000000099999999884 0.00000000099999999884 0.00000000099999999884 
0.00000000099999999999 0.00000000099999999999 0.11259197710010010463 0.00000000099999999999 0.88740801989990003573 
0.00000000099999999999 0.00000000099999999999 0.11748496207834703553 0.00000000099999999999 0.88251503492165295217 
0.00000000099999999928 0.99999999600000011313 0.00000000099999999928 0.00000000099999999928 0.00000000099999999928 
0.00000000099999999921 0.99999999600000000211 0.00000000099999999921 0.00000000099999999921 0.00000000099999999921 
0.00000000099999999924 0.99999999600000011313 0.00000000099999999924 0.00000000099999999924 0.00000000099999999924 
0.00000000099999999895 0.99999999600000000211 0.00000000099999999895 0.00000000099999999895 0.00000000099999999895 
0.00000000099999999898 0.99999999600000000211 0.00000000099999999898 0.00000000099999999898 0.00000000099999999898 
0.00000000099999999894 0.99999999599999989108 0.00000000099999999894 0.00000000099999999894 0.00000000099999999894 
0.00000000099999999878 0.00000000099999999878 0.00000000099999999878 0.00000000099999999878 0.99999999599999989108 
0.00000000099999999885 0.00000000099999999885 0.00000000099999999885 0.00000000099999999885 0.99999999600000000211 
0.00000000099999999878 0.00000000099999999878 0.00000000099999999878 0.00000000099999999878 0.99999999600000000211 
0.00000000099999999881 0.00000000099999999881 0.00000000099999999881 0.00000000099999999881 0.99999999599999989108 
0.00000000099999999986 0.07857697877062910785 0.00000000099999999986 0.00000000099999999986 0.92142301822937100475 
0.00000000099999999881 0.00000000099999999881 0.00000000099999999881 0.00000000099999999881 0.99999999600000000211 
0.00000000099999999879 0.00000000099999999879 0.00000000099999999879 0.00000000099999999879 0.99999999600000000211 
0.00000000099999999877 0.00000000099999999877 0.00000000099999999877 0.00000000099999999877 0.99999999600000000211 
0.00000000099999999878 0.00000000099999999878 0.00000000099999999878 0.00000000099999999878 0.99999999599999989108 
0.00000000099999999879 0.00000000099999999879 0.00000000099999999879 0.00000000099999999879 0.99999999600000000211 
0.00000000099999999879 0.00000000099999999879 0.00000000099999999879 0.00000000099999999879 0.99999999600000000211 
0.00000000099999999878 0.00000000099999999878 0.00000000099999999878 0.00000000099999999878 0.99999999600000000211 
0.00000000099999999879 0.00000000099999999879 0.00000000099999999879 0.00000000099999999879 0.99999999600000000211 
0.00000000099999999882 0.00000000099999999882 0.00000000099999999882 0.00000000099999999882 0.99999999599999989108 
0.00000000099999999879 0.00000000099999999879 0.00000000099999999879 0.00000000099999999879 0.99999999600000000211 
0.00000000099999999876 0.00000000099999999876 0.00000000099999999876 0.00000000099999999876 0.99999999599999989108 
0.33966138183246535887 0.66033861516753467047 0.00000000099999999984 0.00000000099999999984 0.00000000099999999984 
0.04201812046533948825 0.00910834027696371534 0.57731200190196352295 0.04113787438068025604 0.33042366297505287864 
0.97628283916709390766 0.02371715783290615290 0.00000000099999999981 0.00000000099999999981 0.00000000099999999981 
0.45044677784675940524 0.03264411735543974041 0.33484804448548960432 0.03295954000221655578 0.14910152031009471507 
0.99999999600000011313 0.00000000099999999937 0.00000000099999999937 0.00000000099999999937 0.00000000099999999937 
0.99999999600000011313 0.00000000099999999948 0.00000000099999999948 0.00000000099999999948 0.00000000099999999948 
0.05699315278026673148 0.00861577155464758257 0.46676856525709070622 0.02082644362522841769 0.44679606678276656551 
0.99999999600000011313 0.00000000099999999944 0.00000000099999999944 0.00000000099999999944 0.00000000099999999944 
0.99999999600000000211 0.00000000099999999946 0.00000000099999999946 0.00000000099999999946 0.00000000099999999946 
0.34723149601173758372 0.11464870434703572366 0.44565003041746636958 0.07120957685791579062 0.02126019236584473712 
0.03696533576567827273 0.03511475816311478149 0.76397640526408516770 0.01746759701412142415 0.14647590379300046148 
0.24232501011360221832 0.02863497270142201928 0.56245252620855767933 0.07714301679504967368 0.08944447418136831918 
0.27847470015933040166 0.02207859662946328599 0.57171643116145887120 0.03800605194026245026 0.08972422010948515048 
0.14588097299388555483 0.01997961666879427556 0.67344905753719153108 0.09365407540125757213 0.06703627739887112191 
0.39196339627417803309 0.06797571127417427472 0.48290225697064714794 0.04704873605316646501 0.01010989942783411394 
0.04160982711972287945 0.01584484629838266850 0.86325406717455532846 0.03518012410007528845 0.04411113530726382820 
0.51728237894739403924 0.03672302371728035364 0.36857015242609003636 0.06090157261840109526 0.01652287229083460041 
0.12256098639846060849 0.03119491336307289586 0.77338776462870006956 0.05732020882619028035 0.01553612678357620472 
0.00000000099999999965 0.00000000099999999965 0.81867545193926383185 0.00000000099999999965 0.18132454506073605871 
0.09257177615036002449 0.90742822084964003260 0.00000000099999999958 0.00000000099999999958 0.00000000099999999958 
0.17218356545134283486 0.03258177893063279873 0.57537424534170111823 0.18074955321341040770 0.03911085706291285435 
0.18381167901235873074 0.04602868065587693847 0.55517835206447430085 0.17089888689041968228 0.04408240137687045868 
0.18128999256518860128 0.04079852054186434984 0.56382417510418769702 0.17080141997094988593 0.04328589181780936879 
0.22127916523912427582 0.04171944108833255255 0.50180650381775104840 0.17774041775200383197 0.05745447210278830513 
0.42268755983680383892 0.04798316511743586782 0.31828408061793450612 0.15698216272712578467 0.05406303170069991920 
0.00000000099999999993 0.00000000099999999993 0.63496564841088343201 0.00000000099999999993 0.36503434858911654182 
0.01236956316312279140 0.00000000099999999998 0.61657198516946587485 0.00000000099999999998 0.37105844966741141633 
0.06730501116126021144 0.44505222963714052842 0.32110228856638672879 0.00000000099999999999 0.16654046963521246250 
0.00106098195027361079 0.00000000099999999999 0.61016084501784040306 0.01228965148570666452 0.37648852054617948371 
0.04738938842967441167 0.95261060857032564542 0.00000000099999999949 0.00000000099999999949 0.00000000099999999949 
0.00000000099999999983 0.00000000099999999983 0.54269692465356889066 0.00000000099999999983 0.45730307234643097214 
0.00000000099999999995 0.16747221501470296867 0.42429149529373799687 0.00000000099999999995 0.40823628769155906326 
0.31971851277552548742 0.68028148422447465293 0.00000000099999999980 0.00000000099999999980 0.00000000099999999980 
0.04980022633312018721 0.04741899638657487426 0.83976387194101975719 0.06301690433928518187 0.00000000099999999993 
0.03661748369001770892 0.00000000099999999998 0.78471806222721196544 0.00778396886342861208 0.17088048421934154408 
0.12585937578076247800 0.01926386941524248567 0.76480058256295413432 0.09007617124104076722 0.00000000099999999999 
0.96562772223115500569 0.03437227476884491956 0.00000000099999999981 0.00000000099999999981 0.00000000099999999981 
0.99999999600000011313 0.00000000099999999954 0.00000000099999999954 0.00000000099999999954 0.00000000099999999954 
0.91251046828755078000 0.00000000099999999999 0.04018917957695915949 0.03943949055277670701 0.00786086058271330199 
0.92486538849931643202 0.03177761541971722836 0.01749355519644705051 0.00964652319455416678 0.01621691768996515182 
0.85413570594002141689 0.10385498213827638880 0.03083251346565289361 0.00000116132608888797 0.01117563712996055662 
0.99999999600000000211 0.00000000099999999951 0.00000000099999999951 0.00000000099999999951 0.00000000099999999951 
0.99999999600000000211 0.00000000099999999979 0.00000000099999999979 0.00000000099999999979 0.00000000099999999979 
0.99999999600000000211 0.00000000099999999961 0.00000000099999999961 0.00000000099999999961 0.00000000099999999961 
0.50724224956539265552 0.02996927454928514228 0.17095461474551956749 0.01239349954720535101 0.27944036159259727503 
0.35618143393746093395 0.20450515010025138718 0.37411007048850108969 0.04576788794224752321 0.01943545753153907638 
0.75273443797073469330 0.07947503862908586458 0.09537681823583875340 0.06159078000654289592 0.01082292515779778412 
0.17248322078507413724 0.03432318088047732474 0.62716440012984575603 0.10364881233392719828 0.06238038587067562535 
0.57777746366167226366 0.03891515826634728281 0.28988635970574488931 0.07367354192249701839 0.01974747644373861521 
0.52839614248762845072 0.07603439237148633401 0.20739961761514438821 0.03882150867990403348 0.14934833884583664787 
0.99999999600000011313 0.00000000099999999989 0.00000000099999999989 0.00000000099999999989 0.00000000099999999989 
0.51715795847231926796 0.08772721133298240492 0.31984330195313032119 0.06545731123371442695 0.00981421700785369694 
0.39802052680518623662 0.08365553278387632963 0.21673426651897606532 0.01046600011791297934 0.29112367377404840818 
0.99999999600000011313 0.00000000099999999985 0.00000000099999999985 0.00000000099999999985 0.00000000099999999985 
0.01869803852169745623 0.51571228230423760142 0.17366532338176099426 0.01216027696213256917 0.27976407883017145872 
0.93475648999948202089 0.00000000099999999999 0.04284830974963206585 0.01049921555223008209 0.01189598369865590456 
0.04239527671494954658 0.00000000099999999998 0.79318108764092620788 0.00623557339085232306 0.15818806125327194989 
0.03039866853533897476 0.00000000099999999999 0.44771785486663112641 0.04686732301229685344 0.47501615258573304246 
0.99999999600000000211 0.00000000099999999960 0.00000000099999999960 0.00000000099999999960 0.00000000099999999960 
0.89413413085779691603 0.05996293168871885682 0.00000000099999999999 0.02428724154211151301 0.02161569491137278407 
0.02548252885561741801 0.00000000099999999994 0.92566860220535851500 0.00098279532817962026 0.04786607261084444009 
0.00000000099999999921 0.99999999600000000211 0.00000000099999999921 0.00000000099999999921 0.00000000099999999921 
0.00000000099999999892 0.99999999599999989108 0.00000000099999999892 0.00000000099999999892 0.00000000099999999892 
0.00000000099999999888 0.99999999599999989108 0.00000000099999999888 0.00000000099999999888 0.00000000099999999888 
0.10052845640682141204 0.89947154059317857566 0.00000000099999999946 0.00000000099999999946 0.00000000099999999946 
0.05369918508244364563 0.45372856097075442428 0.26201999056541697142 0.00000000099999999997 0.23055226238138504247 
0.26713827310671556248 0.20385807391273760847 0.29840313411834734625 0.00821829594976168643 0.22238222291243786577 
0.00000000099999999880 0.00000000099999999880 0.00000000099999999880 0.00000000099999999880 0.99999999600000000211 
0.00000000099999999880 0.00000000099999999880 0.00000000099999999880 0.00000000099999999880 0.99999999599999989108 
0.00000000099999999881 0.00000000099999999881 0.00000000099999999881 0.00000000099999999881 0.99999999599999989108 
0.11587391875423401488 0.00611694547461411921 0.83930631726909832313 0.03870281750205353116 0.00000000099999999999 
0.57685763412727752986 0.04435131509488435958 0.23298264444571106790 0.09827271213996875698 0.04753569419215834119 
0.38868349704788174304 0.05480416454028440992 0.36803808904818186010 0.13799639395783341866 0.05047785540581867236 
0.34838180979439581364 0.08050771524966106318 0.37339154953392073022 0.16073384564929063534 0.03698507977273164660 
0.24214102685561730843 0.07085182909638590432 0.45858398861764138044 0.18104895122221301151 0.04737420420814242306 
0.04504184858739420511 0.00994806524893119930 0.81726073386930186970 0.04757650109289956325 0.08017285120147321642 
0.00000000099999999915 0.00000000099999999915 0.00000000099999999915 0.99999999599999989108 0.00000000099999999915 
0.00000000099999999887 0.00000000099999999887 0.00000000099999999887 0.99999999600000000211 0.00000000099999999887 
0.00000000099999999994 0.00000000099999999994 0.00000000099999999994 0.99999999599999989108 0.00000000099999999994 
0.00000000099999999911 0.00000000099999999911 0.00000000099999999911 0.99999999599999989108 0.00000000099999999911 
0.00000000099999999884 0.00000000099999999884 0.00000000099999999884 0.99999999600000000211 0.00000000099999999884 
0.00000000099999999882 0.00000000099999999882 0.00000000099999999882 0.99999999600000000211 0.00000000099999999882 
0.00000000099999999878 0.00000000099999999878 0.00000000099999999878 0.99999999600000000211 0.00000000099999999878 
0.05581889598585330903 0.00788809119409545657 0.89301551935432776919 0.02985991705598550067 0.01341757640973801659 
0.00000000099999999883 0.00000000099999999883 0.00000000099999999883 0.99999999600000000211 0.00000000099999999883 
0.00000000099999999888 0.00000000099999999888 0.00000000099999999888 0.99999999600000000211 0.00000000099999999888 
0.00000000099999999886 0.00000000099999999886 0.00000000099999999886 0.99999999600000000211 0.00000000099999999886 
0.00000000099999999891 0.00000000099999999891 0.00000000099999999891 0.99999999600000000211 0.00000000099999999891 
0.00000000099999999877 0.00000000099999999877 0.00000000099999999877 0.99999999600000000211 0.00000000099999999877 
0.00000000099999999879 0.00000000099999999879 0.00000000099999999879 0.99999999600000000211 0.00000000099999999879 
0.07742839016102256999 0.00000000100000000000 0.75905902017317417041 0.02433309760328358773 0.13917949106251975566 
0.00000000099999999997 0.00000000099999999997 0.95626782970190749023 0.00113831838737444365 0.04259384991071792775 
0.00000000099999999992 0.00000000099999999992 0.99099760080675236562 0.00000000099999999992 0.00900239619324756137 
0.38742310581169447925 0.03418961439483059195 0.52320940623803369185 0.00825372752069403887 0.04692414603474708013 
0.00000000099999999994 0.00000000099999999994 0.98480967041673972417 0.00000000099999999994 0.01519032658326030863 
0.00000000099999999992 0.00000000099999999992 0.95691874853306813087 0.00000000099999999992 0.04308124846693180826 
0.00000000099999999990 0.00000000099999999990 0.95730474485557015552 0.00000000099999999990 0.04269525214442986688 
0.02768502775115911502 0.00000000099999999992 0.93831325347442418039 0.00000000099999999992 0.03400171677441674034 
0.00000000099999999983 0.00000000099999999983 0.99999999599999989108 0.00000000099999999983 0.00000000099999999983 
0.18967093177609595234 0.27570358975596515050 0.50187027514159521235 0.00000000099999999998 0.03275520232634372003 
0.00000000099999999987 0.00000000099999999987 0.96480280689310160547 0.00000000099999999987 0.03519719010689850019 
0.19010006435154205851 0.27605661900421607502 0.50295486239543152340 0.00000000099999999998 0.03088845324881023605 
0.00000000099999999990 0.00000000099999999990 0.96380756817556356708 0.00201249901112279675 0.03417993081331367061 
0.04266125940436379937 0.00000000099999999999 0.80660618076689516442 0.03226298236941563952 0.11846957645932536252 
0.01981598004017747633 0.01599772291330803578 0.32168492147646299273 0.01501715902646264152 0.62748421654358887967 
0.02604814498709890833 0.00140335354292270786 0.49356395423953081103 0.01257707627580371273 0.46640747095464391014 
0.00000000099999999990 0.00000000099999999990 0.69162198611729919229 0.00520289116535067441 0.30317512071735003287 
0.02104611701943204932 0.00000000100000000000 0.91580387118470873986 0.01742216684451749695 0.04572784395134169705 
0.01701698245001866810 0.00000000099999999999 0.96021285596000593987 0.01470934123693253340 0.00806081935304278283 
0.01795257196094164967 0.00661008523638279520 0.95300483064940444411 0.02243251115327123124 0.00000000099999999998 
0.01164104418225022849 0.00000000099999999992 0.98835895281774965859 0.00000000099999999992 0.00000000099999999992 
0.00000000099999999980 0.00000000099999999980 0.82293917462713450650 0.00000000099999999980 0.17706082237286543957 
0.00414011532113021333 0.01011199339728125965 0.95841462318128112230 0.01107422044399665115 0.01625904765631084117 
0.00000000099999999993 0.00000000099999999993 0.84854393486611212616 0.00000000099999999993 0.15145606213388781991 
0.00000000099999999995 0.00000000099999999995 0.66317538805019482506 0.00113042293228243383 0.33569418701752262724 
0.00000000099999999973 0.00000000099999999973 0.76478535090627008941 0.00000000099999999973 0.23521464609372988441 
0.00000000099999999988 0.00000000099999999988 0.64574288360418918842 0.00000000099999999988 0.35425711339581072989 
0.00000000099999999995 0.00000000099999999995 0.85258012615132594547 0.00154395372698061875 0.14587591812169339867 
0.00000000099999999980 0.00000000099999999980 0.62101500977896784139 0.00000000099999999980 0.37898498722103202141 
0.00000000099999999973 0.00000000099999999973 0.91685553590479818009 0.00000000099999999973 0.08314446109520184924 
0.00000000099999999977 0.00000000099999999977 0.95812840568596691071 0.00000000099999999977 0.04187159131403302842 
0.03610486759043275012 0.00000000099999999999 0.89175075563210715046 0.00791068413481556439 0.06423369164264462750 
0.00000000099999999969 0.00000000099999999969 0.53801204184743989245 0.00000000099999999969 0.46198795515256013688 
0.04113889217718528363 0.00000000101423969935 0.90536553814716258515 0.02232783021877254859 0.03116773844263995633 
0.03078023505658621442 0.01641492021692364869 0.93924905138003889071 0.01355579234645110098 0.00000000099999999994 
0.04591383538094576805 0.00000000099999999996 0.91321210120631723939 0.04087406141273702137 0.00000000099999999996 
0.05047730215470867116 0.02796485306204888471 0.81159341466390788611 0.04621181931997381948 0.06375261079936071773 
0.30661419263668798774 0.04617031430725491298 0.49169836869463257045 0.10271574086000018200 0.05280138350142422887 
0.00000000099999999983 0.00000000099999999983 0.97776061385578338925 0.00000000099999999983 0.02223938314421665743 
0.00451071280423871127 0.00000000099999999998 0.95992668742675280047 0.01158109704512961038 0.02398150172387904927 
0.04643473628739121922 0.01422060769139542498 0.74910329758642879572 0.04820378365348680638 0.14203757478129769298 
0.00000000099999999933 0.99999999600000000211 0.00000000099999999933 0.00000000099999999933 0.00000000099999999933 
0.00000000099999999894 0.99999999599999989108 0.00000000099999999894 0.00000000099999999894 0.00000000099999999894 
0.00000000099999999890 0.99999999599999989108 0.00000000099999999890 0.00000000099999999890 0.00000000099999999890 
0.00000000099999999979 0.00000000099999999979 0.18855061858875968306 0.00000000099999999979 0.81144937841124031852 
0.00617065918294627900 0.00000000099999999999 0.65391407630681708252 0.01313873356736179436 0.32677652994287498256 
0.04101097379526661563 0.00000000099999999998 0.91564714983357731182 0.02324851897384455288 0.02009335639731154449 
0.00000000099999999995 0.00000000099999999995 0.86959790010061799315 0.00000000099999999995 0.13040209689938203619 
0.00000000099999999994 0.00000000099999999994 0.86720381334405660656 0.00000000099999999994 0.13279618365594345053 
0.00000000099999999996 0.00000000099999999996 0.87006424822061778634 0.00000000099999999996 0.12993574877938213197 
0.00000000099999999991 0.00000000099999999991 0.99999999599999989108 0.00000000099999999991 0.00000000099999999991 
0.00000000099999999981 0.00000000099999999981 0.99999999600000000211 0.00000000099999999981 0.00000000099999999981 
0.00000000099999999979 0.00000000099999999979 0.99999999599999989108 0.00000000099999999979 0.00000000099999999979 
0.48284188743012573797 0.08196119596368223181 0.25758237843297071556 0.13746037478678085897 0.04015416338644033772 
0.03733955941240045540 0.01233915856894826808 0.90107442700652906620 0.01678846083961548982 0.03245839417250671877 
0.30347393032560920911 0.03878466314698909151 0.60963927748570490017 0.04386675218950671779 0.00423537685219008489 
0.22784868249326792333 0.04108671230842823874 0.61568596814168863318 0.07632831231196851585 0.03905032474464678605 
0.01182827249996547779 0.00295405019314805978 0.97307330296086724797 0.01214437334601910223 0.00000000099999999999 
0.03066095740709766718 0.00000000099999999998 0.94780755268219518683 0.02153148791070718868 0.00000000099999999998 
0.00430636857962264034 0.00000000099999999987 0.99569362842037723027 0.00000000099999999987 0.00000000099999999987 
0.00000000099999999982 0.00000000099999999982 0.99999999600000000211 0.00000000099999999982 0.00000000099999999982 
0.00000000099999999977 0.00000000099999999977 0.99999999600000000211 0.00000000099999999977 0.00000000099999999977 
0.00000000099999999977 0.00000000099999999977 0.90786514381681171493 0.00000000099999999977 0.09213485318318821726 
0.00000000099999999971 0.00000000099999999971 0.95718804325736350780 0.00000000099999999971 0.04281195374263650072 
0.00000000099999999977 0.00000000099999999977 0.99579347604643075886 0.00000000099999999977 0.00420652095356930950 
0.00000000099999999960 0.00000000099999999960 0.89577142058968373117 0.00000000099999999960 0.10422857641031631204 
0.01270350076158957911 0.00000000100000000000 0.71620037702611827335 0.00572855482424824720 0.26536756638804381847 
0.00000000099999999998 0.00599784598135491738 0.91713638914087547427 0.00000000099999999998 0.07686576287776950012 
0.00000000099999999963 0.00000000099999999963 0.97692760642325271458 0.00000000099999999963 0.02307239057674720026 
0.00000000099999999969 0.00000000099999999969 0.98562895384031734558 0.00000000099999999969 0.01437104315968262304 
0.00000000099999999977 0.00000000099999999977 0.93750564049588247517 0.00000000099999999977 0.06249435650411755416 
0.00000000099999999980 0.00000000099999999980 0.90928941488139891636 0.00000000099999999980 0.09071058211860104359 
0.07397453740475710970 0.02897595735933088459 0.85502653461888411535 0.04202296961702785272 0.00000000099999999997 
0.00363073044058685301 0.00250220170598345259 0.99070913388999892746 0.00000000099999999993 0.00315793296343075359 
0.03510554091423854356 0.01822405966424665499 0.88768429144440352818 0.03562903557224133405 0.02335707240486996003 
0.33567050991277552763 0.47056294106536944444 0.15192364093468263553 0.03193848681995162947 0.00990442126722075426 
0.04382766764143193605 0.01733541112455574615 0.90069921024858590197 0.00192842311747198013 0.03620928786795450660 
0.10004697172648806258 0.03312720321213445673 0.79931343419109535109 0.05340085086236037726 0.01411154000792181479 
0.00000000099999999961 0.00000000099999999961 0.99999999600000000211 0.00000000099999999961 0.00000000099999999961 
0.00000000099999999967 0.00000000099999999967 0.71929485891412237031 0.00000000099999999967 0.28070513808587765903 
0.00000000099999999969 0.00000000099999999969 0.96176439776460376230 0.00000000099999999969 0.03823559923539626010 
0.00000000099999999956 0.00000000099999999956 0.99999999599999989108 0.00000000099999999956 0.00000000099999999956 
0.00000000099999999967 0.00000000099999999967 0.99999999600000000211 0.00000000099999999967 0.00000000099999999967 
0.00000000099999999979 0.00000000099999999979 0.98187692242074953164 0.00000000099999999979 0.01812307457925029647 
0.00000000099999999999 0.02118096491054004965 0.88178487788478365772 0.00890527954467920484 0.08812887665999702413 
0.00000000099999999965 0.00000000099999999965 0.87609981036233441909 0.00000000099999999965 0.12390018663766545759 
0.00000000099999999949 0.00000000099999999949 0.99999999600000000211 0.00000000099999999949 0.00000000099999999949 
0.00000000099999999957 0.00000000099999999957 0.98463093001456569731 0.00000000099999999957 0.01536906698543428519 
0.00000000099999999994 0.00000000099999999994 0.89576321955633209093 0.00000000099999999994 0.10423677744366782738 
0.03083902710648915926 0.01641001129395251723 0.74459410265864733880 0.04054151449321796719 0.16761534444769302099 
0.02078329058197221635 0.00692093207824968741 0.86999201375453694141 0.02496201336331440451 0.07734175022192683879 
0.01059299262830358176 0.00085398638917446679 0.97000554755686119179 0.00455134904224603273 0.01399612438341473440 
0.00000000099999999989 0.00507860681985982786 0.98105760047738022056 0.00000000099999999989 0.01386379070275990666 
0.00000000099999999991 0.00000000099999999991 0.99057485175005555167 0.00000000099999999991 0.00942514524994434756 
0.01709095378178616606 0.00000000100000000000 0.57609787632876552355 0.00884269124181191225 0.39796847764763654265 
0.05738439006249953372 0.00000000099999999995 0.90460253720922612075 0.03801307072827433270 0.00000000099999999995 
0.00000000099999999987 0.00000000099999999987 0.89747909844888484887 0.00000000099999999987 0.10252089855111505556 
0.08032246120003562473 0.00000000099999999991 0.86306638457749618176 0.05661115222246831252 0.00000000099999999991 
0.09486548393088221898 0.01482999399159613471 0.83284189467890190617 0.05746262639861967475 0.00000000099999999995 
0.39431000694172013699 0.01471465120583111824 0.52246323972699826310 0.06851210112545037811 0.00000000099999999998 
0.34313784091793764208 0.62141546432276473233 0.03544669275929767521 0.00000000099999999995 0.00000000099999999995 
0.20700702153846969877 0.29495073985271558215 0.47352193298219524831 0.02452030462661945742 0.00000000099999999997 
0.00000000099999999970 0.00000000099999999970 0.99999999600000000211 0.00000000099999999970 0.00000000099999999970 
0.00000000099999999963 0.00000000099999999963 0.99999999599999989108 0.00000000099999999963 0.00000000099999999963 
0.09395865438954525972 0.04028244216531545047 0.78345622207653431435 0.08119577777573311339 0.00110690359287191889 
0.03242507025486722483 0.00000000099999999996 0.92790632408550199894 0.03966860365963059687 0.00000000099999999996 
0.00000000099999999969 0.00000000099999999969 0.87411716544260187334 0.00000000099999999969 0.12588283155739818375 
0.00000000099999999946 0.00000000099999999946 0.99999999599999989108 0.00000000099999999946 0.00000000099999999946 
0.00000000099999999971 0.00000000099999999971 0.99999999599999989108 0.00000000099999999971 0.00000000099999999971 
0.01277996860126480103 0.00000000099999999983 0.98722002839873512769 0.00000000099999999983 0.00000000099999999983 
0.00000000099999999958 0.00000000099999999958 0.96784031555489447030 0.00000000099999999958 0.03215968144510559373 
0.00000000099999999946 0.00000000099999999946 0.99999999600000000211 0.00000000099999999946 0.00000000099999999946 
0.00000000099999999963 0.00000000099999999963 0.95972883852914669944 0.00000000099999999963 0.04027115847085335765 
0.00000000099999999948 0.00000000099999999948 0.99999999600000000211 0.00000000099999999948 0.00000000099999999948 
0.00000000099999999987 0.00000000099999999987 0.60197632855189153744 0.00000000099999999987 0.39802366844810843638 
0.00000000099999999984 0.00000000099999999984 0.99240955871308089709 0.00759043828691903944 0.00000000099999999984 
0.00000000099999999970 0.00000000099999999970 0.94340748369628735226 0.00000000099999999970 0.05659251330371255218 
0.00000000099999999972 0.00000000099999999972 0.99999999600000000211 0.00000000099999999972 0.00000000099999999972 
0.00000000099999999979 0.00000000099999999979 0.60040911414660524947 0.00000000099999999979 0.39959088285339483537 
0.03651785615275306152 0.00000000099999999999 0.90347452658818205862 0.00521807220768390808 0.05478954405138105471 
0.00000000099999999961 0.00000000099999999961 0.95551137962692955785 0.00000000099999999961 0.04448861737307035352 
0.00000000099999999987 0.00000000099999999987 0.72092694299022397342 0.00000000099999999987 0.27907305400977605592 
0.00000000099999999979 0.00000000099999999979 0.59857977195722034125 0.00000000099999999979 0.40142022504277957706 
0.00000000099999999969 0.00000000099999999969 0.94531634135830311383 0.00000000099999999969 0.05468365564169687387 
0.00000000099999999973 0.00000000099999999973 0.99999999599999989108 0.00000000099999999973 0.00000000099999999973 
0.99999999600000011313 0.00000000099999999955 0.00000000099999999955 0.00000000099999999955 0.00000000099999999955 
0.50549153781408784347 0.00106231613809454274 0.23915058807098826810 0.00000000099999999999 0.25429555697682937332 
0.99999999600000000211 0.00000000099999999950 0.00000000099999999950 0.00000000099999999950 0.00000000099999999950 
0.99999999600000011313 0.00000000099999999956 0.00000000099999999956 0.00000000099999999956 0.00000000099999999956 
0.99999999600000011313 0.00000000099999999941 0.00000000099999999941 0.00000000099999999941 0.00000000099999999941 
0.99999999600000000211 0.00000000099999999950 0.00000000099999999950 0.00000000099999999950 0.00000000099999999950 
0.99999999600000000211 0.00000000099999999957 0.00000000099999999957 0.00000000099999999957 0.00000000099999999957 
0.99999999600000000211 0.00000000099999999959 0.00000000099999999959 0.00000000099999999959 0.00000000099999999959 
0.99999999600000000211 0.00000000099999999932 0.00000000099999999932 0.00000000099999999932 0.00000000099999999932 
0.99999999600000011313 0.00000000099999999955 0.00000000099999999955 0.00000000099999999955 0.00000000099999999955 
0.89836655246719998580 0.10163344453280016844 0.00000000099999999973 0.00000000099999999973 0.00000000099999999973 
0.88475196155717295010 0.11524803544282706536 0.00000000099999999951 0.00000000099999999951 0.00000000099999999951 
0.85168004493454452231 0.14831995206545564581 0.00000000099999999985 0.00000000099999999985 0.00000000099999999985 
0.89069857847838951326 0.10930141852161055771 0.00000000099999999958 0.00000000099999999958 0.00000000099999999958 
0.88701206761472528584 0.11298792938527471574 0.00000000099999999960 0.00000000099999999960 0.00000000099999999960 
0.91577141635569003775 0.08422858064430990832 0.00000000099999999969 0.00000000099999999969 0.00000000099999999969 
0.89857688863903462106 0.10142310836096528337 0.00000000099999999973 0.00000000099999999973 0.00000000099999999973 
0.90922252998684427450 0.09077746701315564382 0.00000000099999999963 0.00000000099999999963 0.00000000099999999963 
0.91142323524589097250 0.08857676175410915398 0.00000000099999999969 0.00000000099999999969 0.00000000099999999969 
0.88294300961774596637 0.11705698738225402133 0.00000000099999999961 0.00000000099999999961 0.00000000099999999961 
0.03555150485239791380 0.96444849214760208778 0.00000000099999999946 0.00000000099999999946 0.00000000099999999946 
0.00000000099999999906 0.99999999600000011313 0.00000000099999999906 0.00000000099999999906 0.00000000099999999906 
0.00000000099999999885 0.99999999599999989108 0.00000000099999999885 0.00000000099999999885 0.00000000099999999885 
0.00000000099999999942 0.99999999600000011313 0.00000000099999999942 0.00000000099999999942 0.00000000099999999942 
0.00000000099999999942 0.99999999600000000211 0.00000000099999999942 0.00000000099999999942 0.00000000099999999942 
0.00000000099999999887 0.99999999600000000211 0.00000000099999999887 0.00000000099999999887 0.00000000099999999887 
0.00000000099999999884 0.99999999599999989108 0.00000000099999999884 0.00000000099999999884 0.00000000099999999884 
0.00000000099999999933 0.99999999600000011313 0.00000000099999999933 0.00000000099999999933 0.00000000099999999933 
