0.00000000099999999655 0.00000000099999999655 0.00000000099999999655 0.00000000099999999655 0.00000000099999999655 0.99999998799999978427 0.00000000099999999655 0.00000000099999999655 0.00000000099999999655 0.00000000099999999655 0.00000000099999999655 0.00000000099999999655 0.00000000099999999655 
0.00000000099999999657 0.00000000099999999657 0.00000000099999999657 0.00000000099999999657 0.00000000099999999657 0.99999998799999989529 0.00000000099999999657 0.00000000099999999657 0.00000000099999999657 0.00000000099999999657 0.00000000099999999657 0.00000000099999999657 0.00000000099999999657 
0.00000000099999999655 0.00000000099999999655 0.00000000099999999655 0.00000000099999999655 0.00000000099999999655 0.99999998799999978427 0.00000000099999999655 0.00000000099999999655 0.00000000099999999655 0.00000000099999999655 0.00000000099999999655 0.00000000099999999655 0.00000000099999999655 
0.00000000099999999997 0.00000000099999999997 0.00000000099999999997 0.40704198915159001126 0.23319197691902110448 0.00000000099999999997 0.00000000099999999997 0.00000000099999999997 0.35976602392938905606 0.00000000099999999997 0.00000000099999999997 0.00000000099999999997 0.00000000099999999997 
0.00000000099999999997 0.00000000099999999997 0.00000000099999999997 0.31376674570266688269 0.32879032104160776928 0.00000000099999999997 0.00000000099999999997 0.00000000099999999997 0.35744292325572546432 0.00000000099999999997 0.00000000099999999997 0.00000000099999999997 0.00000000099999999997 
0.00000000099999999787 0.11207201752431787678 0.00000000099999999787 0.00000000099999999787 0.00000000099999999787 0.88792797147568192084 0.00000000099999999787 0.00000000099999999787 0.00000000099999999787 0.00000000099999999787 0.00000000099999999787 0.00000000099999999787 0.00000000099999999787 
0.00000000099999999779 0.10089669933045129768 0.00000000099999999779 0.00000000099999999779 0.00000000099999999779 0.89910328966954866647 0.00000000099999999779 0.00000000099999999779 0.00000000099999999779 0.00000000099999999779 0.00000000099999999779 0.00000000099999999779 0.00000000099999999779 
0.00000000099999999798 0.00000000099999999798 0.00000000099999999798 0.00000000099999999798 0.00000000099999999798 0.99999998799999989529 0.00000000099999999798 0.00000000099999999798 0.00000000099999999798 0.00000000099999999798 0.00000000099999999798 0.00000000099999999798 0.00000000099999999798 
0.00000000099999999689 0.00000000099999999689 0.00000000099999999689 0.00000000099999999689 0.00000000099999999689 0.99999998799999978427 0.00000000099999999689 0.00000000099999999689 0.00000000099999999689 0.00000000099999999689 0.00000000099999999689 0.00000000099999999689 0.00000000099999999689 
0.00000000099999999697 0.00000000099999999697 0.00000000099999999697 0.00000000099999999697 0.00000000099999999697 0.99999998799999989529 0.00000000099999999697 0.00000000099999999697 0.00000000099999999697 0.00000000099999999697 0.00000000099999999697 0.00000000099999999697 0.00000000099999999697 
0.00000000099999999685 0.00000000099999999685 0.00000000099999999685 0.00000000099999999685 0.00000000099999999685 0.99999998799999978427 0.00000000099999999685 0.00000000099999999685 0.00000000099999999685 0.00000000099999999685 0.00000000099999999685 0.00000000099999999685 0.00000000099999999685 
0.00000000099999999653 0.00000000099999999653 0.00000000099999999653 0.00000000099999999653 0.99999998799999989529 0.00000000099999999653 0.00000000099999999653 0.00000000099999999653 0.00000000099999999653 0.00000000099999999653 0.00000000099999999653 0.00000000099999999653 0.00000000099999999653 
0.00000000099999999697 0.00000000099999999697 0.00000000099999999697 0.00000000099999999697 0.99999998799999989529 0.00000000099999999697 0.00000000099999999697 0.00000000099999999697 0.00000000099999999697 0.00000000099999999697 0.00000000099999999697 0.00000000099999999697 0.00000000099999999697 
0.00000000099999999659 0.00000000099999999659 0.00000000099999999659 0.00000000099999999659 0.99999998799999989529 0.00000000099999999659 0.00000000099999999659 0.00000000099999999659 0.00000000099999999659 0.00000000099999999659 0.00000000099999999659 0.00000000099999999659 0.00000000099999999659 
0.00000000099999999673 0.00000000099999999673 0.00000000099999999673 0.00000000099999999673 0.99999998799999989529 0.00000000099999999673 0.00000000099999999673 0.00000000099999999673 0.00000000099999999673 0.00000000099999999673 0.00000000099999999673 0.00000000099999999673 0.00000000099999999673 
0.06422688073304161360 0.01747503723317728880 0.00000000099999999946 0.00000000099999999946 0.86397949180739908037 0.05431858122638218156 0.00000000099999999946 0.00000000099999999946 0.00000000099999999946 0.00000000099999999946 0.00000000099999999946 0.00000000099999999946 0.00000000099999999946 
0.00000000099999999683 0.00000000099999999683 0.00000000099999999683 0.00000000099999999683 0.99999998799999978427 0.00000000099999999683 0.00000000099999999683 0.00000000099999999683 0.00000000099999999683 0.00000000099999999683 0.00000000099999999683 0.00000000099999999683 0.00000000099999999683 
0.00000000099999999668 0.00000000099999999668 0.00000000099999999668 0.00000000099999999668 0.99999998799999989529 0.00000000099999999668 0.00000000099999999668 0.00000000099999999668 0.00000000099999999668 0.00000000099999999668 0.00000000099999999668 0.00000000099999999668 0.00000000099999999668 
0.00000000099999999653 0.00000000099999999653 0.00000000099999999653 0.00000000099999999653 0.99999998799999989529 0.00000000099999999653 0.00000000099999999653 0.00000000099999999653 0.00000000099999999653 0.00000000099999999653 0.00000000099999999653 0.00000000099999999653 0.00000000099999999653 
0.00000000099999999660 0.00000000099999999660 0.00000000099999999660 0.00000000099999999660 0.99999998799999978427 0.00000000099999999660 0.00000000099999999660 0.00000000099999999660 0.00000000099999999660 0.00000000099999999660 0.00000000099999999660 0.00000000099999999660 0.00000000099999999660 
0.00000000099999999656 0.00000000099999999656 0.00000000099999999656 0.00000000099999999656 0.99999998799999989529 0.00000000099999999656 0.00000000099999999656 0.00000000099999999656 0.00000000099999999656 0.00000000099999999656 0.00000000099999999656 0.00000000099999999656 0.00000000099999999656 
0.00000000099999999655 0.00000000099999999655 0.00000000099999999655 0.00000000099999999655 0.99999998799999978427 0.00000000099999999655 0.00000000099999999655 0.00000000099999999655 0.00000000099999999655 0.00000000099999999655 0.00000000099999999655 0.00000000099999999655 0.00000000099999999655 
0.00000000099999999667 0.00000000099999999667 0.00000000099999999667 0.00000000099999999667 0.99999998799999978427 0.00000000099999999667 0.00000000099999999667 0.00000000099999999667 0.00000000099999999667 0.00000000099999999667 0.00000000099999999667 0.00000000099999999667 0.00000000099999999667 
0.00000000099999999670 0.00000000099999999670 0.00000000099999999670 0.00000000099999999670 0.99999998799999978427 0.00000000099999999670 0.00000000099999999670 0.00000000099999999670 0.00000000099999999670 0.00000000099999999670 0.00000000099999999670 0.00000000099999999670 0.00000000099999999670 
0.00000000099999999681 0.00000000099999999681 0.00000000099999999681 0.00000000099999999681 0.99999998799999989529 0.00000000099999999681 0.00000000099999999681 0.00000000099999999681 0.00000000099999999681 0.00000000099999999681 0.00000000099999999681 0.00000000099999999681 0.00000000099999999681 
0.00000000099999999654 0.00000000099999999654 0.00000000099999999654 0.00000000099999999654 0.99999998799999989529 0.00000000099999999654 0.00000000099999999654 0.00000000099999999654 0.00000000099999999654 0.00000000099999999654 0.00000000099999999654 0.00000000099999999654 0.00000000099999999654 
0.00000000099999999653 0.00000000099999999653 0.00000000099999999653 0.00000000099999999653 0.99999998799999978427 0.00000000099999999653 0.00000000099999999653 0.00000000099999999653 0.00000000099999999653 0.00000000099999999653 0.00000000099999999653 0.00000000099999999653 0.00000000099999999653 
0.00000000099999999951 0.00000000099999999951 0.00000000099999999951 0.00000000099999999951 0.00000000099999999951 0.65629370557262245445 0.00000000099999999951 0.00000000099999999951 0.00000000099999999951 0.28694991243316136931 0.00000000099999999951 0.05675637199421615375 0.00000000099999999951 
0.44368845761261194172 0.00000000099999999981 0.07332310577055455025 0.02201001914965276113 0.14757197085483605981 0.00000000099999999981 0.02753138470176752159 0.00000000099999999981 0.00000000099999999981 0.00000000099999999981 0.04050062550928017202 0.00000000099999999981 0.24537443040129711114 
0.00000000099999999897 0.00000000099999999897 0.00000000099999999897 0.00000000099999999897 0.00000000099999999897 0.00000000099999999897 0.00000000099999999897 0.00000000099999999897 0.00000000099999999897 0.99999998800000000632 0.00000000099999999897 0.00000000099999999897 0.00000000099999999897 
0.22260079538016072642 0.09907538014129795012 0.05219213797007791339 0.01122457115722405585 0.04052471504018383824 0.01776465670224397150 0.04118439026293395366 0.00000000099999999997 0.00675501460941799192 0.27225176144965618219 0.00000000099999999997 0.02479913433070939782 0.21162744095609398176 
0.00000000099999999739 0.00000000099999999739 0.00000000099999999739 0.00000000099999999739 0.00000000099999999739 0.00000000099999999739 0.00000000099999999739 0.00000000099999999739 0.00000000099999999739 0.99999998799999978427 0.00000000099999999739 0.00000000099999999739 0.00000000099999999739 
0.00000000099999999770 0.00000000099999999770 0.00000000099999999770 0.00000000099999999770 0.00000000099999999770 0.00000000099999999770 0.00000000099999999770 0.00000000099999999770 0.00000000099999999770 0.99999998799999989529 0.00000000099999999770 0.00000000099999999770 0.00000000099999999770 
0.85499625591326866569 0.00000000099999999954 0.00000000099999999954 0.00000000099999999954 0.06287988773155739342 0.00000000099999999954 0.00000000099999999954 0.00000000099999999954 0.00000000099999999954 0.02682535326902213413 0.00000000099999999954 0.00000000099999999954 0.05529849408615184619 
0.00000000099999999753 0.00000000099999999753 0.00000000099999999753 0.00000000099999999753 0.00000000099999999753 0.00000000099999999753 0.00000000099999999753 0.00000000099999999753 0.00000000099999999753 0.99999998799999989529 0.00000000099999999753 0.00000000099999999753 0.00000000099999999753 
0.00000000099999999762 0.00000000099999999762 0.00000000099999999762 0.00000000099999999762 0.00000000099999999762 0.00000000099999999762 0.00000000099999999762 0.00000000099999999762 0.00000000099999999762 0.99999998799999989529 0.00000000099999999762 0.00000000099999999762 0.00000000099999999762 
0.00000000099999999994 0.00151569618083751269 0.03471287842146507374 0.20028120691483328186 0.00000000099999999994 0.09070945099032605430 0.00000000099999999994 0.01055169421793426994 0.06161924333187473318 0.21480453193791074207 0.02417681121513018394 0.05166705155940454902 0.30996143223028366220 
0.18320693726771822285 0.00000000343312024777 0.36686074634540433159 0.00000000099999999989 0.07412187015929168343 0.01892901846931879795 0.00000000099999999989 0.00132732095664876031 0.05227848239821473314 0.00003725835488817339 0.16241874045258525294 0.02042969375535637344 0.12038992640745331542 
0.01952470073675270645 0.07059492110272480581 0.12507161783487524831 0.03261817100506733680 0.06396857739374325891 0.00009445912122387019 0.02085202855130326854 0.02813963683019128637 0.16282871655432160085 0.09052768414949315112 0.03563105597919959816 0.01980362816603950180 0.33034480257506443346 
0.06694852040411655714 0.04355687339290361532 0.21301502493326171517 0.00958315464752682727 0.04324100265913764785 0.00392531383054234642 0.02796748971773228842 0.00843013691555186302 0.11345013088251776345 0.17122369877092497026 0.03643944103315684829 0.01823511464419879866 0.24398409816842869802 
0.09258346463183293740 0.01510171833630532916 0.17996750185650028930 0.02190968698568211692 0.00000000099999999997 0.00000000099999999997 0.00760087817888694013 0.00423951459335272351 0.00000000099999999997 0.00000000099999999997 0.14516679653879457912 0.01184832929700993173 0.52158210558163509152 
0.00000000099999999999 0.08248513874168716953 0.19012011198889700037 0.02398156750376351926 0.00000000099999999999 0.05584726140434228409 0.02338673304139319772 0.00822346193421134679 0.00612961039371554776 0.23500189604110360841 0.08444027627072016318 0.00414258112733953930 0.28624135955282659083 
0.02960385725498421508 0.00000000099999999985 0.22804301630145504265 0.07297021895153854576 0.01714090592246612574 0.00000000099999999985 0.04887200678592345388 0.00000000099999999985 0.04925119258674828110 0.00000000099999999985 0.24771683139371961091 0.00000000099999999985 0.30640196580316475528 
0.00000002055964455339 0.34803105268347833690 0.05488996702783487114 0.07628697892683973525 0.00919861115980971818 0.01405413896959980050 0.00006830896261833437 0.01518711153991460401 0.02269610941110310198 0.09486106930690585415 0.11082143669132463182 0.01270120515499350254 0.24120398960593286697 
0.07503355929806752866 0.00000000099999999980 0.34363025169474920029 0.05726794640262528047 0.00000000099999999980 0.00000000099999999980 0.00000000099999999980 0.00000000099999999980 0.00000000099999999980 0.01496573759828637856 0.00000000099999999980 0.00000000099999999980 0.50910249700627141500 
0.30060210953601423922 0.00000000099999999927 0.23466348856795793409 0.00000000099999999927 0.06779900800969684838 0.00000000099999999927 0.00000000099999999927 0.00000000099999999927 0.32157466949865942674 0.00000000099999999927 0.07536071638767159742 0.00000000099999999927 0.00000000099999999927 
0.00000000099999999857 0.00000000099999999857 0.00000000099999999857 0.00000000099999999857 0.00000000099999999857 0.90303218798024897929 0.00000000099999999857 0.00000000099999999857 0.00000000099999999857 0.09377042654248504694 0.00000000099999999857 0.00319737547726610220 0.00000000099999999857 
0.00000000099999999923 0.00000000099999999923 0.00000000099999999923 0.00000000099999999923 0.00000000099999999923 0.00000000099999999923 0.00000000099999999923 0.00000000099999999923 0.00000000099999999923 0.00000000099999999923 0.00000000099999999923 0.00000000099999999923 0.99999998800000000632 
0.00000000099999999898 0.00000000099999999898 0.00000000099999999898 0.00000000099999999898 0.00000000099999999898 0.00000000099999999898 0.00000000099999999898 0.00000000099999999898 0.00000000099999999898 0.00000000099999999898 0.00000000099999999898 0.00000000099999999898 0.99999998799999989529 
0.00000000099999999889 0.00000000099999999889 0.00000000099999999889 0.00000000099999999889 0.00000000099999999889 0.00000000099999999889 0.00000000099999999889 0.00000000099999999889 0.00000000099999999889 0.00000000099999999889 0.00000000099999999889 0.00000000099999999889 0.99999998799999989529 
0.05581543634872598164 0.03547452380185966980 0.00000000099999999997 0.04885909099446251319 0.00000000099999999997 0.00000000099999999997 0.00349812420817049215 0.05911196244082933537 0.00000000099999999997 0.03013021726735252287 0.09614715681108153278 0.00000000099999999997 0.67096348312751774579 
0.03012215191027632633 0.05323943852224696099 0.00000000099999999998 0.04051511098500322483 0.00529004005239794468 0.00000005259448226012 0.01058832629744976828 0.06018470346512157926 0.00000000099999999998 0.15710533493502504276 0.00000000099999999998 0.08620222205459197873 0.55675261618340488035 
0.82007339994515637827 0.00000000099999999944 0.01816130457653009761 0.08715673528214884502 0.00000000099999999944 0.00000000099999999944 0.04308991573255561286 0.00000000099999999944 0.00000000099999999944 0.00000000099999999944 0.03151863646360939658 0.00000000099999999944 0.00000000099999999944 
0.80118521554053900857 0.00000000099999999924 0.00000000099999999924 0.16929290031805999117 0.02952187414140134900 0.00000000099999999924 0.00000000099999999924 0.00000000099999999924 0.00000000099999999924 0.00000000099999999924 0.00000000099999999924 0.00000000099999999924 0.00000000099999999924 
0.42338471582876063826 0.15171811558739198289 0.00000000099999999952 0.07036432727845984281 0.00000000099999999952 0.35453283230538779058 0.00000000099999999952 0.00000000099999999952 0.00000000099999999952 0.00000000099999999952 0.00000000099999999952 0.00000000099999999952 0.00000000099999999952 
0.77948057977937479368 0.00000000099999999920 0.00000000099999999920 0.19395084874024487442 0.02656856148038057655 0.00000000099999999920 0.00000000099999999920 0.00000000099999999920 0.00000000099999999920 0.00000000099999999920 0.00000000099999999920 0.00000000099999999920 0.00000000099999999920 
0.00000000099999999778 0.29245444372476703254 0.00000000099999999778 0.00000000099999999778 0.00000000099999999778 0.70754554527523283447 0.00000000099999999778 0.00000000099999999778 0.00000000099999999778 0.00000000099999999778 0.00000000099999999778 0.00000000099999999778 0.00000000099999999778 
0.99999998800000011734 0.00000000099999999871 0.00000000099999999871 0.00000000099999999871 0.00000000099999999871 0.00000000099999999871 0.00000000099999999871 0.00000000099999999871 0.00000000099999999871 0.00000000099999999871 0.00000000099999999871 0.00000000099999999871 0.00000000099999999871 
0.82945634225051478872 0.01039207981266324424 0.00000000099999999944 0.00000000099999999944 0.01349588590867718298 0.14665568302814505075 0.00000000099999999944 0.00000000099999999944 0.00000000099999999944 0.00000000099999999944 0.00000000099999999944 0.00000000099999999944 0.00000000099999999944 
0.00000000099999999950 0.00000000099999999950 0.00000000099999999950 0.00000000099999999950 0.00000000099999999950 0.66129181928894231746 0.00000000099999999950 0.00000000099999999950 0.00000000099999999950 0.22755467692842562544 0.00000000099999999950 0.11115349378263209013 0.00000000099999999950 
0.00000000099999999960 0.00000000099999999960 0.00000000099999999960 0.77733902478783933887 0.00000000099999999960 0.00000000099999999960 0.06516983193896518090 0.00000000099999999960 0.02295870089322046836 0.00000000099999999960 0.13451866633803744033 0.00001376804193762615 0.00000000099999999960 
0.49283052911892488712 0.00000000099999999948 0.00000000099999999948 0.41882894163230088846 0.00000000099999999948 0.00000000099999999948 0.00000000099999999948 0.00000000099999999948 0.00000000099999999948 0.00000000099999999948 0.08834051924877438233 0.00000000099999999948 0.00000000099999999948 
0.00000000099999999886 0.00000000099999999886 0.00000000099999999886 0.99999998800000011734 0.00000000099999999886 0.00000000099999999886 0.00000000099999999886 0.00000000099999999886 0.00000000099999999886 0.00000000099999999886 0.00000000099999999886 0.00000000099999999886 0.00000000099999999886 
0.00000000099999999916 0.00000000099999999916 0.00000000099999999916 0.00000000099999999916 0.00000000099999999916 0.04462584921993514170 0.00000000099999999916 0.00000000099999999916 0.00000000099999999916 0.95537413978006491266 0.00000000099999999916 0.00000000099999999916 0.00000000099999999916 
0.00000000099999999845 0.58375178550789696974 0.00000000099999999845 0.00000000099999999845 0.00000000099999999845 0.00000000099999999845 0.00000000099999999845 0.00000000099999999845 0.00000000099999999845 0.41624820349210328585 0.00000000099999999845 0.00000000099999999845 0.00000000099999999845 
0.00000000099999999983 0.29596147397581334948 0.00000000099999999983 0.00000000099999999983 0.00000000099999999983 0.00000000099999999983 0.00037412390729979250 0.01801833642397402888 0.00000000099999999983 0.53846129589142865957 0.00000000099999999983 0.03665582971184988548 0.11052893308963433749 
0.00000000099999999978 0.16997786501322190156 0.00000000099999999978 0.00000000099999999978 0.00000000099999999978 0.04125361979723498468 0.00000000099999999978 0.00000000099999999978 0.00000000099999999978 0.72638337519855455948 0.00000000099999999978 0.01534835086791415913 0.04703678112307453640 
0.00000000099999999966 0.00000000099999999966 0.00000000099999999966 0.00000000099999999966 0.00000000099999999966 0.11387519016563206475 0.00000000099999999966 0.00000000099999999966 0.00000000099999999966 0.82274089584947762699 0.00000000099999999966 0.01489984550170929227 0.04848405948318103981 
0.00000000099999999794 0.00000000099999999794 0.00000000099999999794 0.00000000099999999794 0.00000000099999999794 0.00000000099999999794 0.00000000099999999794 0.00000000099999999794 0.00000000099999999794 0.99999998799999989529 0.00000000099999999794 0.00000000099999999794 0.00000000099999999794 
0.00000000099999999863 0.00000000099999999863 0.00000000099999999863 0.00000000099999999863 0.00000000099999999863 0.00000000099999999863 0.00000000099999999863 0.00000000099999999863 0.00000000099999999863 0.99999998799999989529 0.00000000099999999863 0.00000000099999999863 0.00000000099999999863 
0.00000000099999999844 0.00000000099999999844 0.00000000099999999844 0.00000000099999999844 0.00000000099999999844 0.00771428918046121025 0.00000000099999999844 0.00000000099999999844 0.00000000099999999844 0.98204143461282944472 0.00000000099999999844 0.01024426620670942922 0.00000000099999999844 
0.31415392035611744426 0.00000000099999999988 0.00740738345824859534 0.00000000099999999988 0.12179290594203825981 0.03119701641954500046 0.00069557522054398860 0.00000000099999999988 0.00000000099999999988 0.48295712675002683278 0.00000000099999999988 0.00000000099999999988 0.04179606585347966918 
0.00000000099999999993 0.00000000099999999993 0.03579587854521522339 0.15642665624902607480 0.00707854712132333433 0.18656416678442344637 0.00000003660027338226 0.00000000099999999993 0.04545496395458753502 0.25248391287170562913 0.02114584298865652967 0.01955022555121080710 0.27549976633357786682 
0.00000000099999999982 0.24026353463055707960 0.00000000099999999982 0.00949598982250652104 0.00000000099999999982 0.05346944220041251195 0.00000000099999999982 0.01816700977052209884 0.00000000099999999982 0.38651333984587293857 0.00000000099999999982 0.06427526588549563324 0.22781541184463313665 
0.02748422589694644522 0.00000000099999999997 0.15082280124352601125 0.03498260777216567752 0.02065007362490451498 0.00000000099999999997 0.00000000099999999997 0.00750797235958839630 0.00000000099999999997 0.04650754848290095805 0.12493758756343414928 0.00000000099999999997 0.58710717805653389600 
0.00000000099999999991 0.26292096832337619183 0.02437871805606591988 0.09251736653162768997 0.00000000099999999991 0.00841253285742176241 0.00000000099999999991 0.00768101625829337772 0.02433005613424950309 0.21950928193477142747 0.00000000099999999991 0.00000000099999999991 0.36025005490419420573 
0.21655561115154822738 0.26670101521191891258 0.02632130540132588542 0.00000000099999999997 0.03984416216951758988 0.05528129609932939947 0.01572415562902620967 0.01880082614477248878 0.00000000099999999997 0.18829696748653729221 0.00000000099999999997 0.04980530364294993156 0.12266935406307413747 
0.00000000099999999881 0.00000000099999999881 0.00000000099999999881 0.00000000099999999881 0.00000000099999999881 0.00000000099999999881 0.00000000099999999881 0.00000000099999999881 0.00000000099999999881 0.99999998800000000632 0.00000000099999999881 0.00000000099999999881 0.00000000099999999881 
0.00000000099999999993 0.00000000099999999993 0.03400060806760207832 0.03554041570222925273 0.00000000099999999993 0.05722658271615645165 0.00000000099999999993 0.00000000099999999993 0.01118271515283373457 0.43412144916171763187 0.02571174339938080144 0.00000000099999999993 0.40221647980008007339 
0.12452855450382502300 0.00000000099999999996 0.00388630652097725826 0.00000000099999999996 0.23054708981588772909 0.07838009746382169907 0.03082895643504537236 0.00000000099999999996 0.00763404011908212863 0.35445084754680539207 0.04454284335300674746 0.01183399126678983185 0.11336726997475890522 
0.00000000099999999869 0.00000000099999999869 0.00000000099999999869 0.00000000099999999869 0.00000000099999999869 0.00000000099999999869 0.00000000099999999869 0.00000000099999999869 0.00000000099999999869 0.99999998799999989529 0.00000000099999999869 0.00000000099999999869 0.00000000099999999869 
0.34767188020675965365 0.00000000099999999969 0.00000000099999999969 0.00000000099999999969 0.09413283564869087683 0.50484807915777729637 0.00000000099999999969 0.00000000099999999969 0.00000000099999999969 0.00196320884423787983 0.00000000099999999969 0.00000000099999999969 0.05138398814253435087 
0.00000000099999999974 0.06003232444816074265 0.00000000099999999974 0.00000000099999999974 0.00000000099999999974 0.00000000099999999974 0.00232854067350644249 0.00000000099999999974 0.00000000099999999974 0.86867385713366085387 0.00000000099999999974 0.00000000099999999974 0.06896526874467190371 
0.03420629878918157729 0.00000000099999999995 0.19977081361758819433 0.11608222937252810070 0.14459914518948024931 0.00000000099999999995 0.01969457998435343235 0.00000000099999999995 0.11244058556869973575 0.00990941445191321178 0.28280774257871837962 0.01887421244728269137 0.06161497500025434060 
0.75097621065823383368 0.00000000099999999950 0.00000000099999999950 0.03721446229498295843 0.13838495982953935570 0.00000000099999999950 0.00000000099999999950 0.00000000099999999950 0.00000000099999999950 0.00000000099999999950 0.00000000099999999950 0.00000000099999999950 0.07342435821724405121 
0.00000000099999999869 0.61913135371357130854 0.00000000099999999869 0.00000000099999999869 0.00000000099999999869 0.00000000099999999869 0.00000000099999999869 0.00000000099999999869 0.00000000099999999869 0.38086863528642878052 0.00000000099999999869 0.00000000099999999869 0.00000000099999999869 
0.00000000099999999966 0.21806526120507740973 0.00000000099999999966 0.00000000099999999966 0.00000000099999999966 0.04336128062299174357 0.00000000099999999966 0.00000000099999999966 0.00000000099999999966 0.54760318985415679105 0.00000000099999999966 0.10136670575721379306 0.08960355456056011414 
0.00000000099999999972 0.00000000099999999972 0.00000000099999999972 0.06831364009514444280 0.07550077262388972532 0.00000000099999999972 0.07557674393023609827 0.00000000099999999972 0.01701029546930518666 0.00000000099999999972 0.76359853988142445402 0.00000000099999999972 0.00000000099999999972 
0.00000000099999999771 0.00000000099999999771 0.00000000099999999771 0.00000000099999999771 0.00000000099999999771 0.99999998799999989529 0.00000000099999999771 0.00000000099999999771 0.00000000099999999771 0.00000000099999999771 0.00000000099999999771 0.00000000099999999771 0.00000000099999999771 
0.00000000099999999692 0.00000000099999999692 0.00000000099999999692 0.00000000099999999692 0.00000000099999999692 0.99999998799999989529 0.00000000099999999692 0.00000000099999999692 0.00000000099999999692 0.00000000099999999692 0.00000000099999999692 0.00000000099999999692 0.00000000099999999692 
0.00000000099999999672 0.00000000099999999672 0.00000000099999999672 0.00000000099999999672 0.00000000099999999672 0.99999998799999989529 0.00000000099999999672 0.00000000099999999672 0.00000000099999999672 0.00000000099999999672 0.00000000099999999672 0.00000000099999999672 0.00000000099999999672 
0.00000000099999999771 0.32908051667998705625 0.00000000099999999771 0.00000000099999999771 0.00000000099999999771 0.67091947232001281076 0.00000000099999999771 0.00000000099999999771 0.00000000099999999771 0.00000000099999999771 0.00000000099999999771 0.00000000099999999771 0.00000000099999999771 
0.48581138566196302442 0.14869327559568068509 0.00000000099999999945 0.00000000099999999945 0.00000000099999999945 0.36549532874235640678 0.00000000099999999945 0.00000000099999999945 0.00000000099999999945 0.00000000099999999945 0.00000000099999999945 0.00000000099999999945 0.00000000099999999945 
0.45009110869309637559 0.00000000099999999996 0.00000518062096329711 0.02927803365392013871 0.02144774686144372902 0.19937974290969584512 0.03315977566710259783 0.00000000099999999996 0.00000000099999999996 0.21157277480508418499 0.00000000099999999996 0.05506563178869375991 0.00000000099999999996 
0.00000000099999999671 0.00000000099999999671 0.00000000099999999671 0.00000000099999999671 0.99999998799999978427 0.00000000099999999671 0.00000000099999999671 0.00000000099999999671 0.00000000099999999671 0.00000000099999999671 0.00000000099999999671 0.00000000099999999671 0.00000000099999999671 
0.00000000099999999667 0.00000000099999999667 0.00000000099999999667 0.00000000099999999667 0.99999998799999978427 0.00000000099999999667 0.00000000099999999667 0.00000000099999999667 0.00000000099999999667 0.00000000099999999667 0.00000000099999999667 0.00000000099999999667 0.00000000099999999667 
0.00000000099999999672 0.00000000099999999672 0.00000000099999999672 0.00000000099999999672 0.99999998799999978427 0.00000000099999999672 0.00000000099999999672 0.00000000099999999672 0.00000000099999999672 0.00000000099999999672 0.00000000099999999672 0.00000000099999999672 0.00000000099999999672 
0.12001633932290975415 0.00000000099999999984 0.45907052304366846585 0.00000000099999999984 0.00000000099999999984 0.00000000099999999984 0.01984532811434410252 0.00000000099999999984 0.00000000099999999984 0.03497710892104378272 0.02720979892396174424 0.00297624358625522617 0.33590465208781705719 
0.02301419951037641728 0.05794616847620391586 0.00000000099999999987 0.00000000099999999987 0.00000000099999999987 0.01527993172405918768 0.00000000099999999987 0.01000633694172987920 0.00000000099999999987 0.36898908512802469639 0.00000000099999999987 0.03234016601190162210 0.49242410620770427077 
0.02917941881658600925 0.02157980041732587839 0.00000000099999999998 0.01686907105737484383 0.01173917651344822538 0.01288683318631912190 0.01136277404136680491 0.03984567458247874339 0.00000000099999999998 0.19344897834454194419 0.01679597515112111680 0.04174117510413129922 0.60455112078530603981 
0.00782852015807696151 0.00000000099999999982 0.00000000099999999982 0.00000000099999999982 0.00000000099999999982 0.02013984789680723503 0.00000000099999999982 0.04273645638586054396 0.00000000099999999982 0.12250057428141097882 0.00000000099999999982 0.07108702869534164193 0.73570756558250272050 
0.00000000099999999978 0.00000000099999999978 0.00000000099999999978 0.00000000099999999978 0.00000000099999999978 0.00000000099999999978 0.00000000099999999978 0.02028390700729480051 0.00000000099999999978 0.00000000099999999978 0.00000000099999999978 0.00000000099999999978 0.97971608199270521222 
0.13210272566931302585 0.00000000099999999964 0.30449307338030673353 0.00000000099999999964 0.00864445883011643462 0.00000000099999999964 0.00000000099999999964 0.00000000099999999964 0.01759898909768141048 0.00000000099999999964 0.18642345869973661610 0.00000000099999999964 0.35073728732284559229 
0.00000000099999999751 0.00000000099999999751 0.00000000099999999751 0.00000000099999999751 0.00000000099999999751 0.00000000099999999751 0.00000000099999999751 0.99999998799999989529 0.00000000099999999751 0.00000000099999999751 0.00000000099999999751 0.00000000099999999751 0.00000000099999999751 
0.00000000099999999668 0.00000000099999999668 0.00000000099999999668 0.00000000099999999668 0.00000000099999999668 0.00000000099999999668 0.00000000099999999668 0.99999998799999967325 0.00000000099999999668 0.00000000099999999668 0.00000000099999999668 0.00000000099999999668 0.00000000099999999668 
0.00000000099999999930 0.00000000099999999930 0.00000000099999999930 0.00000000099999999930 0.00000000099999999930 0.00000000099999999930 0.00000000099999999930 0.93288459237868581742 0.00000000099999999930 0.00000000099999999930 0.00000000099999999930 0.00000000099999999930 0.06711539662131428552 
0.00000000099999999749 0.00000000099999999749 0.00000000099999999749 0.00000000099999999749 0.00000000099999999749 0.00000000099999999749 0.00000000099999999749 0.99999998799999989529 0.00000000099999999749 0.00000000099999999749 0.00000000099999999749 0.00000000099999999749 0.00000000099999999749 
0.00000000099999999660 0.00000000099999999660 0.00000000099999999660 0.00000000099999999660 0.00000000099999999660 0.00000000099999999660 0.00000000099999999660 0.99999998799999967325 0.00000000099999999660 0.00000000099999999660 0.00000000099999999660 0.00000000099999999660 0.00000000099999999660 
0.00000000099999999651 0.00000000099999999651 0.00000000099999999651 0.00000000099999999651 0.00000000099999999651 0.00000000099999999651 0.00000000099999999651 0.99999998799999967325 0.00000000099999999651 0.00000000099999999651 0.00000000099999999651 0.00000000099999999651 0.00000000099999999651 
0.00000000099999999639 0.00000000099999999639 0.00000000099999999639 0.00000000099999999639 0.00000000099999999639 0.00000000099999999639 0.00000000099999999639 0.99999998799999978427 0.00000000099999999639 0.00000000099999999639 0.00000000099999999639 0.00000000099999999639 0.00000000099999999639 
0.06467088197377662828 0.00000000099999999981 0.40778541699860171299 0.09925577658002446291 0.00000000099999999981 0.00000000099999999981 0.00000000099999999981 0.00000000099999999981 0.11210037253838667226 0.00000000099999999981 0.02390604902859322020 0.00822910391029035675 0.28405239297032708334 
0.00000000099999999655 0.00000000099999999655 0.00000000099999999655 0.00000000099999999655 0.00000000099999999655 0.00000000099999999655 0.00000000099999999655 0.99999998799999967325 0.00000000099999999655 0.00000000099999999655 0.00000000099999999655 0.00000000099999999655 0.00000000099999999655 
0.00000000099999999669 0.00000000099999999669 0.00000000099999999669 0.00000000099999999669 0.00000000099999999669 0.00000000099999999669 0.00000000099999999669 0.99999998799999967325 0.00000000099999999669 0.00000000099999999669 0.00000000099999999669 0.00000000099999999669 0.00000000099999999669 
0.00000000099999999664 0.00000000099999999664 0.00000000099999999664 0.00000000099999999664 0.00000000099999999664 0.00000000099999999664 0.00000000099999999664 0.99999998799999967325 0.00000000099999999664 0.00000000099999999664 0.00000000099999999664 0.00000000099999999664 0.00000000099999999664 
0.00000000099999999677 0.00000000099999999677 0.00000000099999999677 0.00000000099999999677 0.00000000099999999677 0.00000000099999999677 0.00000000099999999677 0.99999998799999967325 0.00000000099999999677 0.00000000099999999677 0.00000000099999999677 0.00000000099999999677 0.00000000099999999677 
0.00000000099999999637 0.00000000099999999637 0.00000000099999999637 0.00000000099999999637 0.00000000099999999637 0.00000000099999999637 0.00000000099999999637 0.99999998799999967325 0.00000000099999999637 0.00000000099999999637 0.00000000099999999637 0.00000000099999999637 0.00000000099999999637 
0.00000000099999999644 0.00000000099999999644 0.00000000099999999644 0.00000000099999999644 0.00000000099999999644 0.00000000099999999644 0.00000000099999999644 0.99999998799999978427 0.00000000099999999644 0.00000000099999999644 0.00000000099999999644 0.00000000099999999644 0.00000000099999999644 
0.17923534908123503473 0.00000000099999999988 0.00000000099999999988 0.09744635684794723807 0.06526715402937179056 0.00000000099999999988 0.07486476023985859374 0.00000000099999999988 0.00000000099999999988 0.00717523941340855644 0.43935977891155159059 0.02811082902491461588 0.10854052745171255401 
0.00598647836774043700 0.00000000099999999967 0.10909168100557314895 0.00000000099999999967 0.02592553592794072034 0.00000000099999999967 0.12326614172265960845 0.00000000099999999967 0.00000000099999999967 0.00000000099999999967 0.66298797181269841783 0.00000000099999999967 0.07274218416338770754 
0.00000000099999999940 0.00000000099999999940 0.03040821752513886422 0.06043399622088569539 0.03628192951040875441 0.00000000099999999940 0.00683166083337861246 0.00000000099999999940 0.01746677271571660250 0.00000000099999999940 0.84857741619447157877 0.00000000099999999940 0.00000000099999999940 
0.00000000099999999995 0.09892041955368183204 0.00538077920566779836 0.08356515599479789891 0.03920630167547826256 0.02833885387890046348 0.09744145435904766339 0.00000000099999999995 0.00016682468409391144 0.17273339355671873951 0.34493096596083999694 0.09966736517157859243 0.02964848395919482404 
0.03288574043496608756 0.00000000099999999963 0.12869007763962544977 0.08118791715011643151 0.00000000099999999963 0.00000000099999999963 0.20992904534656009474 0.00000000099999999963 0.00000000099999999963 0.00000000099999999963 0.52280914568737746340 0.00000000099999999963 0.02449806674135444201 
0.00000000099999999963 0.00000000099999999963 0.24976779630843518043 0.11363876229808972385 0.02974867126975021953 0.00000000099999999963 0.11823590812209615331 0.00000000099999999963 0.00000000099999999963 0.00000000099999999963 0.48860885400162884507 0.00000000099999999963 0.00000000099999999963 
0.00000000099999999962 0.00000000099999999962 0.24989926841079312947 0.11236465759928858377 0.02963285873201209827 0.00000000099999999962 0.11642532063810422105 0.00000000099999999962 0.00000000099999999962 0.00000000099999999962 0.49167788661980199594 0.00000000099999999962 0.00000000099999999962 
0.00000000099999999978 0.00000000099999999978 0.00000000099999999978 0.14551645335197441189 0.02898219968686829504 0.00000000099999999978 0.11561696399153635617 0.00000000099999999978 0.00000000099999999978 0.00129947974612268477 0.70858489522349832335 0.00000000099999999978 0.00000000099999999978 
0.00000000099999999939 0.00000000099999999939 0.31260597483763619131 0.14349880607912390840 0.00000000099999999939 0.00000000099999999939 0.25541265475098279270 0.00000000099999999939 0.00000000099999999939 0.00000000099999999939 0.28848255533225730662 0.00000000099999999939 0.00000000099999999939 
0.02501464624312763063 0.00000000099999999996 0.18782786207337862083 0.17261844537052589699 0.02978340111166316931 0.26018095906947930063 0.00000000099999999996 0.00000000099999999996 0.00000000099999999996 0.12045437508220936673 0.13673198563557811824 0.06738832041403805539 0.00000000099999999996 
0.00000000099999999950 0.00000000099999999950 0.30968717176439086725 0.24554188061720214065 0.03335038543315037990 0.00000000099999999950 0.08065035601449438429 0.00000000099999999950 0.04638534999654778807 0.00000000099999999950 0.28438484917421447129 0.00000000099999999950 0.00000000099999999950 
0.02619456770855098371 0.00000000099999999996 0.18865526607569366169 0.17320459098885057636 0.02732345559911478552 0.26006138424682023746 0.00031268754226321336 0.00000000099999999996 0.00000000099999999996 0.12286760400542878768 0.13506950188689303971 0.06631093794638460992 0.00000000099999999996 
0.06088999970263530431 0.00000000099999999949 0.21939253729896840417 0.00000000099999999949 0.00000000099999999949 0.00000000099999999949 0.10169622515745543878 0.00000000099999999949 0.05344363215426454344 0.00000000099999999949 0.56457759768667625799 0.00000000099999999949 0.00000000099999999949 
0.14475783270964814875 0.00000000099999999995 0.19903710831293036643 0.01131835670289502681 0.05569790279916906478 0.00000000099999999995 0.03078755109263383791 0.01093519552264484059 0.00000000099999999995 0.00000000099999999995 0.38472782084890888576 0.00000000099999999995 0.16273822701116960610 
0.39092634402733311694 0.00000000099999999975 0.00000000099999999975 0.00000000099999999975 0.44842708345495618794 0.00000000099999999975 0.00000000099999999975 0.00000000099999999975 0.00000000099999999975 0.00000000099999999975 0.03219327994208336791 0.00000000099999999975 0.12845328357562740829 
0.79886684613472747074 0.00000000099999999953 0.00000000099999999953 0.00000000099999999953 0.14276830608885859863 0.00000000099999999953 0.02057694973659381088 0.00000000099999999953 0.00000000099999999953 0.00000000099999999953 0.00000000099999999953 0.00000000099999999953 0.03778788903982027020 
