0.00000000099999999770 0.00000000099999999770 0.00000000099999999770 0.00000000099999999770 0.00000000099999999770 0.00000000099999999770 0.00000000099999999770 0.99999999199999989319 0.00000000099999999770 
0.00000000099999999771 0.00000000099999999771 0.00000000099999999771 0.00000000099999999771 0.00000000099999999771 0.00000000099999999771 0.00000000099999999771 0.99999999200000000421 0.00000000099999999771 
0.00000000099999999770 0.00000000099999999770 0.00000000099999999770 0.00000000099999999770 0.00000000099999999770 0.00000000099999999770 0.00000000099999999770 0.99999999200000000421 0.00000000099999999770 
0.51372275071140771630 0.00031480724075770442 0.00000000298923380011 0.00000000099999999998 0.00000000099999999998 0.00000000099999999998 0.26657748724219682002 0.00000000099999999998 0.21938494781640416331 
0.56286983897841680324 0.00005239597935949135 0.00000000099999999998 0.00000000099999999998 0.00000000099999999998 0.00000000099999999998 0.27025754485275510497 0.00000000099999999998 0.16682021518946890670 
0.00000000099999999869 0.00000000099999999869 0.00000000099999999869 0.00000000099999999869 0.00000000099999999869 0.00000000099999999869 0.00000000099999999869 0.99999999199999989319 0.00000000099999999869 
0.00000000099999999848 0.00000000099999999848 0.00000000099999999848 0.00000000099999999848 0.00000000099999999848 0.00000000099999999848 0.00000000099999999848 0.99999999200000000421 0.00000000099999999848 
0.00000000099999999861 0.00000000099999999861 0.00000000099999999861 0.00000000099999999861 0.00000000099999999861 0.00000000099999999861 0.00000000099999999861 0.99999999199999989319 0.00000000099999999861 
0.00000000099999999792 0.00000000099999999792 0.00000000099999999792 0.00000000099999999792 0.00000000099999999792 0.00000000099999999792 0.00000000099999999792 0.99999999199999989319 0.00000000099999999792 
0.00000000099999999799 0.00000000099999999799 0.00000000099999999799 0.00000000099999999799 0.00000000099999999799 0.00000000099999999799 0.00000000099999999799 0.99999999199999989319 0.00000000099999999799 
0.00000000099999999790 0.00000000099999999790 0.00000000099999999790 0.00000000099999999790 0.00000000099999999790 0.00000000099999999790 0.00000000099999999790 0.99999999200000000421 0.00000000099999999790 
0.99999999199999989319 0.00000000099999999764 0.00000000099999999764 0.00000000099999999764 0.00000000099999999764 0.00000000099999999764 0.00000000099999999764 0.00000000099999999764 0.00000000099999999764 
0.99999999199999989319 0.00000000099999999793 0.00000000099999999793 0.00000000099999999793 0.00000000099999999793 0.00000000099999999793 0.00000000099999999793 0.00000000099999999793 0.00000000099999999793 
0.99999999199999989319 0.00000000099999999767 0.00000000099999999767 0.00000000099999999767 0.00000000099999999767 0.00000000099999999767 0.00000000099999999767 0.00000000099999999767 0.00000000099999999767 
0.99999999200000000421 0.00000000099999999777 0.00000000099999999777 0.00000000099999999777 0.00000000099999999777 0.00000000099999999777 0.00000000099999999777 0.00000000099999999777 0.00000000099999999777 
0.86512820777191956623 0.00000000099999999968 0.06622602155589848993 0.00000000099999999968 0.00000000099999999968 0.00000000099999999968 0.00000000099999999968 0.06864576467218191924 0.00000000099999999968 
0.99999999199999989319 0.00000000099999999782 0.00000000099999999782 0.00000000099999999782 0.00000000099999999782 0.00000000099999999782 0.00000000099999999782 0.00000000099999999782 0.00000000099999999782 
0.99999999199999989319 0.00000000099999999774 0.00000000099999999774 0.00000000099999999774 0.00000000099999999774 0.00000000099999999774 0.00000000099999999774 0.00000000099999999774 0.00000000099999999774 
0.99999999199999989319 0.00000000099999999763 0.00000000099999999763 0.00000000099999999763 0.00000000099999999763 0.00000000099999999763 0.00000000099999999763 0.00000000099999999763 0.00000000099999999763 
0.99999999199999989319 0.00000000099999999768 0.00000000099999999768 0.00000000099999999768 0.00000000099999999768 0.00000000099999999768 0.00000000099999999768 0.00000000099999999768 0.00000000099999999768 
0.99999999200000000421 0.00000000099999999766 0.00000000099999999766 0.00000000099999999766 0.00000000099999999766 0.00000000099999999766 0.00000000099999999766 0.00000000099999999766 0.00000000099999999766 
0.99999999200000000421 0.00000000099999999766 0.00000000099999999766 0.00000000099999999766 0.00000000099999999766 0.00000000099999999766 0.00000000099999999766 0.00000000099999999766 0.00000000099999999766 
0.99999999200000000421 0.00000000099999999772 0.00000000099999999772 0.00000000099999999772 0.00000000099999999772 0.00000000099999999772 0.00000000099999999772 0.00000000099999999772 0.00000000099999999772 
0.99999999199999989319 0.00000000099999999774 0.00000000099999999774 0.00000000099999999774 0.00000000099999999774 0.00000000099999999774 0.00000000099999999774 0.00000000099999999774 0.00000000099999999774 
0.99999999199999989319 0.00000000099999999782 0.00000000099999999782 0.00000000099999999782 0.00000000099999999782 0.00000000099999999782 0.00000000099999999782 0.00000000099999999782 0.00000000099999999782 
0.99999999199999989319 0.00000000099999999765 0.00000000099999999765 0.00000000099999999765 0.00000000099999999765 0.00000000099999999765 0.00000000099999999765 0.00000000099999999765 0.00000000099999999765 
0.99999999199999989319 0.00000000099999999764 0.00000000099999999764 0.00000000099999999764 0.00000000099999999764 0.00000000099999999764 0.00000000099999999764 0.00000000099999999764 0.00000000099999999764 
0.00000000099999999967 0.00000000099999999967 0.00000000099999999967 0.28082706500209980716 0.06133114246344500975 0.00000000099999999967 0.00000000099999999967 0.65784178653445501972 0.00000000099999999967 
0.14849833072324383765 0.17279833266786465140 0.49636877177460292376 0.01865608307590574735 0.00000000099999999998 0.02358790288589623224 0.00000000099999999998 0.00000000099999999998 0.14009057587248668897 
0.00000000099999999956 0.00000000099999999956 0.00000000099999999956 0.93464915719869223754 0.02537009519795130688 0.00000000099999999956 0.00000000099999999956 0.03998074160335662874 0.00000000099999999956 
0.05206997333617112422 0.09556356993232892338 0.25837268774483640454 0.38780678075034341612 0.04159778511902513520 0.02219646818278848618 0.00384136927705738210 0.02932399782154792439 0.10922736783590121512 
0.00000000099999999858 0.00000000099999999858 0.00000000099999999858 0.99999999199999989319 0.00000000099999999858 0.00000000099999999858 0.00000000099999999858 0.00000000099999999858 0.00000000099999999858 
0.00000000099999999880 0.00000000099999999880 0.00000000099999999880 0.99999999200000000421 0.00000000099999999880 0.00000000099999999880 0.00000000099999999880 0.00000000099999999880 0.00000000099999999880 
0.06220283825436631608 0.00000000099999999975 0.90118206322256466656 0.03661509252306924256 0.00000000099999999975 0.00000000099999999975 0.00000000099999999975 0.00000000099999999975 0.00000000099999999975 
0.00000000099999999874 0.00000000099999999874 0.00000000099999999874 0.99999999199999989319 0.00000000099999999874 0.00000000099999999874 0.00000000099999999874 0.00000000099999999874 0.00000000099999999874 
0.00000000099999999878 0.00000000099999999878 0.00000000099999999878 0.99999999200000000421 0.00000000099999999878 0.00000000099999999878 0.00000000099999999878 0.00000000099999999878 0.00000000099999999878 
0.02072762655412659430 0.11521984775507293497 0.00000000099999999998 0.25466442190904414744 0.05901008131163271164 0.05314150508835251141 0.05191786228837461104 0.10494606112448932878 0.34037259296890715055 
0.08517062068824891863 0.54818393513307284159 0.21560955879319868012 0.02229861318737867693 0.01966170875933307208 0.01830099347134317087 0.05801646895875441773 0.03275810000867030586 0.00000000099999999997 
0.07489325324192647182 0.22427602773810442760 0.06397676273784558276 0.19618202151371297304 0.02892929137759551669 0.06975593674523894450 0.13471961464187307000 0.02682425972684359880 0.18044283227685956050 
0.05225171366423521369 0.30552451747256226255 0.10698071358591031144 0.24065778144797247973 0.02608897578264869274 0.03367707415222170875 0.09777084291890734968 0.02187952066505959373 0.11516886031048234607 
0.01808881438371952310 0.37592039692248024885 0.15113730856597859531 0.09532628424538776291 0.01944307955283152561 0.07695712848930356953 0.00829676274253656094 0.01291646515457318088 0.24191375994318897735 
0.00537036495286043712 0.31847533528250815404 0.03384513060413858743 0.35190802816756544535 0.02027999774867818641 0.04057192240412085121 0.01539578866082218916 0.07188456298968984304 0.14226886918961639816 
0.02340969807597964580 0.46598400273295409457 0.06716085862953553864 0.03363556880115086550 0.00000000099999999997 0.02384900494596726636 0.08984540219427161745 0.00934535243959789576 0.28677011118054318572 
0.01444727092835831374 0.17613798712960748727 0.01855978568229306458 0.48938633782925872184 0.00571851066194707658 0.04795052581487627835 0.03599558086073722379 0.03665713809504748955 0.17514686299787443624 
0.00000000099999999994 0.42109546870366060256 0.15408059730488074535 0.09563836860899381509 0.00000000099999999994 0.03976873352683037849 0.00000000099999999994 0.02167862840994997514 0.26773820044568463761 
0.08179515964111036541 0.23768606194561558986 0.31082153013897506622 0.00000000099999999952 0.00000000099999999952 0.00000000099999999952 0.36969724327429909216 0.00000000099999999952 0.00000000099999999952 
0.00000000099999999919 0.00000000099999999919 0.00000000099999999919 0.07233233545330039482 0.02171051039502300620 0.00000000099999999919 0.00000000099999999919 0.90595714815167671663 0.00000000099999999919 
0.03998454561023009196 0.16368791575544522354 0.03103715310650607268 0.11381013429327405118 0.00057870107785090155 0.14463311607530343617 0.00000000100000000000 0.01726724238419807822 0.48900119069719205633 
0.04042190652922784955 0.17896100457437494335 0.02831424926533469139 0.10421917694909178798 0.01880380856006789309 0.13847319868618385152 0.00000000099999999998 0.03043028999651453681 0.46037636443920459950 
0.03775304508785992663 0.18393208539810543267 0.02511314466775750251 0.11286802165552825561 0.00312204800272114892 0.13948376195246123266 0.00000000099999999998 0.02639728387048467795 0.47133060836508189340 
0.02960569497770467948 0.16973969938312061245 0.10989472221120094586 0.16089782939174948617 0.01929517614519054083 0.15336528636355264976 0.00188371047300098433 0.03354357533318453460 0.32177430572129550601 
0.03203092590445755922 0.08085487442486406773 0.08112929430630738681 0.29754605490161456505 0.09252119301944558560 0.13818559777768138486 0.00000000099999999998 0.03799761339682264372 0.23973444526880682837 
0.01845110870506141629 0.06443386137186574159 0.82415460718321209566 0.00000000099999999964 0.00000000099999999964 0.00000000099999999964 0.00000000099999999964 0.00000000099999999964 0.09296041773986078727 
0.03438504074081860651 0.00000000099999999955 0.80894721029371563503 0.00000000099999999955 0.00000000099999999955 0.00000000099999999955 0.00000000099999999955 0.00000000099999999955 0.15666774296546584488 
0.00000000099999999975 0.00000000099999999975 0.43878080059967983217 0.07912654084207663974 0.00000000099999999975 0.00000000099999999975 0.00000000099999999975 0.42034734659199052276 0.06174530696625318144 
0.03644908058367369447 0.00000000099999999951 0.77709629928312640157 0.00000000099999999951 0.00000000099999999951 0.00000000099999999951 0.00000000099999999951 0.00000000099999999951 0.18645461413320008059 
0.00000000099999999874 0.00000000099999999874 0.00000000099999999874 0.12612872380752257473 0.00000000099999999874 0.00000000099999999874 0.00000000099999999874 0.87387126919247726242 0.00000000099999999874 
0.00000000099999999915 0.00000000099999999915 0.99999999200000000421 0.00000000099999999915 0.00000000099999999915 0.00000000099999999915 0.00000000099999999915 0.00000000099999999915 0.00000000099999999915 
0.01900190031586514866 0.00000000099999999963 0.82720534225699515751 0.00000000099999999963 0.00000000099999999963 0.00000000099999999963 0.00000000099999999963 0.15379275142713974556 0.00000000099999999963 
0.00000000099999999969 0.00000000099999999969 0.00000000099999999969 0.20469268295475320785 0.12978763208835961129 0.00000000099999999969 0.00000000099999999969 0.66551967895688701748 0.00000000099999999969 
0.00000000099999999960 0.00000000099999999960 0.00000000099999999960 0.00000000099999999960 0.00000000099999999960 0.00000000099999999960 0.10323603180749399422 0.00000000099999999960 0.89676396119250600947 
0.00000000099999999966 0.02264435741525100410 0.51727580246546311926 0.00000000099999999966 0.00000000099999999966 0.00000000099999999966 0.00000000099999999966 0.00000000099999999966 0.46007983411928610185 
0.00000000099999999916 0.00000000099999999916 0.00000000099999999916 0.00000000099999999916 0.00000000099999999916 0.00000000099999999916 0.00000000099999999916 0.00000000099999999916 0.99999999200000000421 
0.00000000099999999962 0.00000000099999999962 0.00000000099999999962 0.93939655719037706838 0.01369867273674123601 0.00000000099999999962 0.00000000099999999962 0.04690476407288167449 0.00000000099999999962 
0.00000000099999999887 0.00000000099999999887 0.00000000099999999887 0.99999999200000000421 0.00000000099999999887 0.00000000099999999887 0.00000000099999999887 0.00000000099999999887 0.00000000099999999887 
0.01059878454582933310 0.00101469787664118559 0.00000000099999999997 0.85312488006831577181 0.05341365955670703686 0.03507323034563279013 0.00000000099999999997 0.00000000099999999997 0.04677474460687404412 
0.01169379951825567053 0.00000000099999999998 0.00249767268753585880 0.88627821975024279055 0.03169327138974965818 0.00228282163184995385 0.00000000099999999998 0.04762889980625704955 0.01792531321610900050 
0.00120743949306621593 0.00000000099999999995 0.00000000099999999995 0.79991817175661505956 0.04044995064314139271 0.00000000099999999995 0.00000000099999999995 0.11437948944883488678 0.04404494465834254274 
0.00000000099999999906 0.00000000099999999906 0.00000000099999999906 0.97834234616285775665 0.02165764683714222968 0.00000000099999999906 0.00000000099999999906 0.00000000099999999906 0.00000000099999999906 
0.00000000099999999960 0.00000000099999999960 0.00000000099999999960 0.96658566004434887109 0.03341433295565118811 0.00000000099999999960 0.00000000099999999960 0.00000000099999999960 0.00000000099999999960 
0.00000000099999999920 0.00000000099999999920 0.00000000099999999920 0.91687944692547351799 0.07735152639185678691 0.00000000099999999920 0.00000000099999999920 0.00576902068266981014 0.00000000099999999920 
0.12333813385224348669 0.01384567643592040341 0.32732187970975112901 0.46686431147047613432 0.02079495846385600449 0.00615358566357546502 0.00000000099999999994 0.03438413449386411996 0.00729731891031321338 
0.02324055672668815659 0.10697898428762515899 0.00000000099999999995 0.27665383597639803259 0.03345743921095053336 0.03049369280585246741 0.02708065095510422265 0.20321003826092753908 0.29888480077645379618 
0.00004312935996454312 0.00000000099999999998 0.02792508767384418999 0.65497026422590465256 0.07923587626123700101 0.05172396853149822255 0.00000000099999999998 0.07770404092227185811 0.10839763102527957828 
0.03517007335861423167 0.33575120666429164595 0.09550095593139995565 0.11935146265756496620 0.02320430107281096915 0.08818398141854737193 0.00398739242070526249 0.02566345255881537918 0.27318717391725039212 
0.01670464309213314999 0.09048156913533780821 0.00000000099999999999 0.53938493317089208912 0.00023687145994889927 0.05870614131624347920 0.01854237416010846157 0.03798757538188244492 0.23795589128345367991 
0.04635038409883150690 0.05625092390848034779 0.23054571321485098356 0.46796846642002903893 0.05213452824579479367 0.03568809551132238328 0.00000000099999999999 0.07334663330026648664 0.03771525430042440424 
0.00000000099999999966 0.00000000099999999966 0.00000000099999999966 0.99999999200000011523 0.00000000099999999966 0.00000000099999999966 0.00000000099999999966 0.00000000099999999966 0.00000000099999999966 
0.00004272069322752804 0.13285979642197948136 0.03888812154478858002 0.46386580135606275688 0.02108439399197124114 0.05290690203328998059 0.00000000099999999999 0.08914116615902198393 0.20121109679965840100 
0.23779344396849305676 0.07188546530990332084 0.13739201178891963240 0.35447721880320631760 0.03377277812213676927 0.00656919032695345642 0.02671924252969726590 0.08462804603823928518 0.04676260311245098583 
0.00000000099999999966 0.00000000099999999966 0.00000000099999999966 0.97273012542789716317 0.02726986757210293419 0.00000000099999999966 0.00000000099999999966 0.00000000099999999966 0.00000000099999999966 
0.09609619460689314274 0.00000000099999999988 0.38235504635885020353 0.00325918451861134358 0.00000000099999999988 0.00000000099999999988 0.00000000099999999988 0.51828956951564519873 0.00000000099999999988 
0.00550956459978172147 0.02961593929935891351 0.01001366125599380437 0.92687748247907808530 0.01280248666655896782 0.00195700510671889365 0.00000000099999999998 0.00000000099999999998 0.01322385859250965745 
0.14592113944148640825 0.42736141981342640195 0.05881073490433600531 0.01444285513535432594 0.01822104753606439489 0.00265922239734129543 0.12290502484256123072 0.00000000099999999997 0.20967855492942980011 
0.14025183130025772882 0.00000000099999999972 0.78609750796069077783 0.00000000099999999972 0.00000000099999999972 0.01197553532430157067 0.00000000099999999972 0.00000000099999999972 0.06167512041475017165 
0.00000000099999999903 0.00000000099999999903 0.00000000099999999903 0.99999999200000011523 0.00000000099999999903 0.00000000099999999903 0.00000000099999999903 0.00000000099999999903 0.00000000099999999903 
0.00712620626737695082 0.00000000099999999993 0.00000131919876468600 0.76795676878711849334 0.11791990125096739328 0.00773548664008395347 0.00000000099999999993 0.05701615854983691639 0.04224415730585157763 
0.06260061201585455370 0.59948338325020666950 0.01062009238944511443 0.00579798476566933344 0.00000000099999999988 0.00000000099999999988 0.07229733890687740916 0.00000000099999999988 0.24920058567194686150 
0.00000000099999999845 0.00000000099999999845 0.00000000099999999845 0.00000000099999999845 0.00000000099999999845 0.00000000099999999845 0.00000000099999999845 0.99999999200000000421 0.00000000099999999845 
0.00000000099999999788 0.00000000099999999788 0.00000000099999999788 0.00000000099999999788 0.00000000099999999788 0.00000000099999999788 0.00000000099999999788 0.99999999199999989319 0.00000000099999999788 
0.00000000099999999778 0.00000000099999999778 0.00000000099999999778 0.00000000099999999778 0.00000000099999999778 0.00000000099999999778 0.00000000099999999778 0.99999999200000000421 0.00000000099999999778 
0.00000000099999999869 0.00000000099999999869 0.00000000099999999869 0.17273331193960769769 0.00000000099999999869 0.00000000099999999869 0.00000000099999999869 0.82726668106039225048 0.00000000099999999869 
0.00000000099999999971 0.00000000099999999971 0.49677626322075940646 0.06873840384048873764 0.00000000099999999971 0.00000000099999999971 0.00000000099999999971 0.43448532693875185906 0.00000000099999999971 
0.02962534081447372111 0.00924685463837169805 0.46118807503981956719 0.19231357990174086092 0.07068636487627906473 0.00347647211609390964 0.00000000100000000000 0.19792853010591904273 0.03553478150730227103 
0.99999999200000000421 0.00000000099999999775 0.00000000099999999775 0.00000000099999999775 0.00000000099999999775 0.00000000099999999775 0.00000000099999999775 0.00000000099999999775 0.00000000099999999775 
0.99999999200000000421 0.00000000099999999772 0.00000000099999999772 0.00000000099999999772 0.00000000099999999772 0.00000000099999999772 0.00000000099999999772 0.00000000099999999772 0.00000000099999999772 
0.99999999200000000421 0.00000000099999999775 0.00000000099999999775 0.00000000099999999775 0.00000000099999999775 0.00000000099999999775 0.00000000099999999775 0.00000000099999999775 0.00000000099999999775 
0.00000000099999999989 0.57963489850096172606 0.16330355259594356299 0.08272428465960532384 0.02181673506106983351 0.03296070217010084458 0.00000000099999999989 0.00078382366954675865 0.11877600134277196964 
0.02340064588893317823 0.05321016036595875576 0.07801323462117212837 0.49410011475188214680 0.05277577895106034395 0.08542476162657890171 0.00000000099999999998 0.04303453700607202947 0.17004076578834262379 
0.03164888674132539798 0.11584397633885963608 0.07935051502673814983 0.29191045210224625395 0.06353461501159461677 0.12112031683068566479 0.00000000099999999999 0.04439416521302052415 0.25219707173552979862 
0.00205656493244704567 0.10711258862511748025 0.12619942366176603588 0.22951578958999704905 0.09174701226557233080 0.14816203406243166896 0.01766761756161666988 0.07062833654975550490 0.20691063275129611965 
0.04360930002403334838 0.18390701271742224132 0.02178092506796609762 0.18743396450737423442 0.01160568516802897021 0.16018495286861300642 0.01232388873816215279 0.06494758203453583623 0.31420668887386427048 
0.02895164308307836623 0.50410052198927268741 0.18549176144272361277 0.03989686671886157054 0.00000000100000000000 0.04269947497326677388 0.07044183439974310845 0.00663505459688251004 0.12178284179617140937 
0.00000000099999999832 0.00000000099999999832 0.00000000099999999832 0.00000000099999999832 0.00000000099999999832 0.99999999199999989319 0.00000000099999999832 0.00000000099999999832 0.00000000099999999832 
0.00000000099999999775 0.00000000099999999775 0.00000000099999999775 0.00000000099999999775 0.00000000099999999775 0.99999999199999978217 0.00000000099999999775 0.00000000099999999775 0.00000000099999999775 
0.00000000099999999979 0.00000000099999999979 0.00000000099999999979 0.00000000099999999979 0.00000000099999999979 0.96190769539689935375 0.00000000099999999979 0.00000000099999999979 0.03809229760310060831 
0.00000000099999999827 0.00000000099999999827 0.00000000099999999827 0.00000000099999999827 0.00000000099999999827 0.99999999199999989319 0.00000000099999999827 0.00000000099999999827 0.00000000099999999827 
0.00000000099999999770 0.00000000099999999770 0.00000000099999999770 0.00000000099999999770 0.00000000099999999770 0.99999999199999989319 0.00000000099999999770 0.00000000099999999770 0.00000000099999999770 
0.00000000099999999765 0.00000000099999999765 0.00000000099999999765 0.00000000099999999765 0.00000000099999999765 0.99999999199999978217 0.00000000099999999765 0.00000000099999999765 0.00000000099999999765 
0.00000000099999999757 0.00000000099999999757 0.00000000099999999757 0.00000000099999999757 0.00000000099999999757 0.99999999199999989319 0.00000000099999999757 0.00000000099999999757 0.00000000099999999757 
0.00000000099999999999 0.45942657749859544536 0.13845606660679241062 0.00289843762052902207 0.03006939442337139626 0.02256502014161265030 0.08181363052076351394 0.00000000099999999999 0.26477087118833564361 
0.00000000099999999767 0.00000000099999999767 0.00000000099999999767 0.00000000099999999767 0.00000000099999999767 0.99999999199999989319 0.00000000099999999767 0.00000000099999999767 0.00000000099999999767 
0.00000000099999999777 0.00000000099999999777 0.00000000099999999777 0.00000000099999999777 0.00000000099999999777 0.99999999199999989319 0.00000000099999999777 0.00000000099999999777 0.00000000099999999777 
0.00000000099999999773 0.00000000099999999773 0.00000000099999999773 0.00000000099999999773 0.00000000099999999773 0.99999999199999989319 0.00000000099999999773 0.00000000099999999773 0.00000000099999999773 
0.00000000099999999782 0.00000000099999999782 0.00000000099999999782 0.00000000099999999782 0.00000000099999999782 0.99999999199999989319 0.00000000099999999782 0.00000000099999999782 0.00000000099999999782 
0.00000000099999999756 0.00000000099999999756 0.00000000099999999756 0.00000000099999999756 0.00000000099999999756 0.99999999199999978217 0.00000000099999999756 0.00000000099999999756 0.00000000099999999756 
0.00000000099999999760 0.00000000099999999760 0.00000000099999999760 0.00000000099999999760 0.00000000099999999760 0.99999999199999989319 0.00000000099999999760 0.00000000099999999760 0.00000000099999999760 
0.07581216881908343919 0.40749435419608975861 0.19051746044901213262 0.01839347470659747144 0.02857517497990348307 0.00465600127044659990 0.00000000099999999992 0.00000000099999999992 0.27455136357886716914 
0.03903755126884856513 0.75364912007939144356 0.04149652292979617157 0.00000000099999999990 0.00000000099999999990 0.00000000099999999990 0.01998931590344938877 0.00000000099999999990 0.14582748581851456837 
0.02186686417624766898 0.69666768209288454372 0.00000000099999999970 0.00000000099999999970 0.00000000099999999970 0.00000000099999999970 0.07479523251359060376 0.00000000099999999970 0.20667021621727729719 
0.05763971998988525608 0.33797563657136930892 0.00000000099999999997 0.27131628533140211834 0.10344137130236481792 0.00407272552372478155 0.01696501406325740674 0.02346489306267294031 0.18512435315532335678 
0.01363017257676664255 0.66560135704754519459 0.04341257862773843096 0.00000000099999999976 0.00000000099999999976 0.00000000099999999976 0.00333003531211983764 0.00000000099999999976 0.27402585243582994190 
0.03750315985288366766 0.71081461647923949165 0.00000000099999999975 0.00000000099999999975 0.00000000099999999975 0.00000000099999999975 0.00023237437560955223 0.00000000099999999975 0.25144984429226741041 
0.03750594386709429906 0.71165273385894145530 0.00000000099999999974 0.00000000099999999974 0.00000000099999999974 0.00000000099999999974 0.00092401620255126379 0.00000000099999999974 0.24991730107141310602 
0.04562000510336799985 0.54556688094352567830 0.00000000099999999981 0.00000000099999999981 0.00000000099999999981 0.00000000099999999981 0.05572776128169038001 0.00000000099999999981 0.35308534767141608324 
0.00000000099999999958 0.66266490998587956884 0.00000000099999999958 0.00000000099999999958 0.00000000099999999958 0.00000000099999999958 0.02862822551396643905 0.00000000099999999958 0.30870685850015416873 
0.03177824654049165448 0.29282766430010254144 0.02836817791804651517 0.10306178430101015087 0.07044852853125603553 0.00000000099999999996 0.00000000099999999996 0.26298208520625687701 0.21053351120283611553 
0.04774547175408936500 0.55357484392833844478 0.00000000099999999960 0.00000000099999999960 0.00000000099999999960 0.00000000099999999960 0.05683554783133484140 0.00000000099999999960 0.34184413148623749024 
0.02935838723937789912 0.29285995015560084553 0.02930691737601812813 0.10414870440848053579 0.06951357309391409389 0.00000000099999999996 0.00000000099999999996 0.26343369241317154961 0.21137877331343710163 
0.01519909971113458762 0.69317212006856543383 0.08151588579817428681 0.00000000099999999981 0.00000000099999999981 0.00000000099999999981 0.16305978603191592646 0.00000000099999999981 0.04705310439020983504 
0.06060761824575781193 0.56199707526202813401 0.18173025361266245681 0.02340284440232780205 0.00601178950731140471 0.02966905383485634456 0.00847860413346753806 0.00000000099999999999 0.12810276000158868359 
0.44858797187599430689 0.05487241672225306316 0.42921421075695154190 0.00631445862698114691 0.00157868153672349786 0.01445562488593596547 0.00000000099999999998 0.01260844702225696889 0.03236818757290369636 
0.15274021177322102960 0.00000000099999999965 0.84725978122677902959 0.00000000099999999965 0.00000000099999999965 0.00000000099999999965 0.00000000099999999965 0.00000000099999999965 0.00000000099999999965 
0.02993913863758545721 0.14394024128555732434 0.77373450840169466503 0.00000000099999999968 0.00000000099999999968 0.00000000099999999968 0.04848050360443397627 0.00000000099999999968 0.00390560407072882950 
0.05478982635710301363 0.48625922782798147725 0.00000000099999999998 0.00768387353619446375 0.01041139086285687750 0.01507865924226464878 0.31233448698589161285 0.00000000099999999998 0.11344253318770808336 
0.01158719386366447064 0.49702100529357123859 0.02682320851236262918 0.00548547799187645846 0.00831591874295810329 0.01244709984472368129 0.33322710576954989170 0.00000000099999999999 0.10509298898129360023 
0.00000000099999999996 0.51700475632566333939 0.02280783137811896039 0.01295517474325482039 0.00000000099999999996 0.01678955627458041111 0.18713805906156150138 0.00003555708223387331 0.24326906313458721010 
0.00000000099999999985 0.64951508730565643557 0.09538729723941984096 0.00765918350507311871 0.00000000099999999985 0.00000000099999999985 0.13905223521473081272 0.00000000099999999985 0.10838619273512001273 
0.06084428016244575188 0.52808618157198505827 0.26437140096877043138 0.00000000099999999966 0.00000000099999999966 0.00000000099999999966 0.06850252929500265375 0.00000000099999999966 0.07819560400179625947 
0.00000000099999999999 0.47022594498152958664 0.09399806766734042363 0.00000000099999999999 0.00657840273166516391 0.00871840000665868517 0.26494416294588368777 0.00210945556940317618 0.15342556409751920143 
0.00637085235672476581 0.44561909347234957002 0.48649413300812122118 0.00000000099999999977 0.00000000099999999977 0.00000000099999999977 0.06151591616280456531 0.00000000099999999977 0.00000000099999999977 
0.06254693087823032238 0.22360517325977691261 0.68526005676689782931 0.00000000099999999965 0.00000000099999999965 0.00000000099999999965 0.02858783409509508058 0.00000000099999999965 0.00000000099999999965 
0.00000000099999999895 0.00000000099999999895 0.66615950305974924728 0.00000000099999999895 0.00000000099999999895 0.00000000099999999895 0.33384048994025056212 0.00000000099999999895 0.00000000099999999895 
0.00000000099999999877 0.00000000099999999877 0.99999999199999989319 0.00000000099999999877 0.00000000099999999877 0.00000000099999999877 0.00000000099999999877 0.00000000099999999877 0.00000000099999999877 
0.00000000099999999978 0.30113578095786797117 0.42058813250582982590 0.00000000099999999978 0.00000000099999999978 0.00000000099999999978 0.14734476394038178992 0.00000000099999999978 0.13093131759592055441 
0.00093199893145204859 0.09514961824715621741 0.85936693079556547570 0.00000000099999999964 0.00000000099999999964 0.00000000099999999964 0.04455144702582618244 0.00000000099999999964 0.00000000099999999964 
0.00000000099999999955 0.15052163671226032049 0.24513720946309480730 0.00000000099999999955 0.00000000099999999955 0.00000000099999999955 0.60434114782464476434 0.00000000099999999955 0.00000000099999999955 
0.01577364093807461301 0.48809315986176227131 0.14359258358521836962 0.00000000099999999974 0.00000000099999999974 0.00000000099999999974 0.30665950004412689811 0.00000000099999999974 0.04588111157081796454 
0.02198262589064058775 0.37389243888720091746 0.16690899548778631578 0.00000000099999999985 0.00000000099999999985 0.00000000099999999985 0.00000000099999999985 0.00000000099999999985 0.43721593473437231347 
0.00000000099999999858 0.00000000099999999858 0.99999999200000000421 0.00000000099999999858 0.00000000099999999858 0.00000000099999999858 0.00000000099999999858 0.00000000099999999858 0.00000000099999999858 
0.01775463951951606126 0.49909106896088561989 0.09604450626595818774 0.01559617245120204984 0.00180085731137276449 0.01521288807927132294 0.08518068919664180394 0.00000000099999999998 0.26931917721515230557 
0.00000000099999999990 0.48869923170322970840 0.00000000099999999990 0.00000000099999999990 0.00755652966778279454 0.00000000099999999990 0.02663940655260045934 0.00000000099999999990 0.47710482707638701694 
0.00000000099999999993 0.65263813418350391515 0.06827580252536272210 0.03542659967340115040 0.00000000099999999993 0.03618371830283420576 0.03636579213193923132 0.00000000099999999993 0.17110995018295871439 
0.02363458819033821198 0.37078980979944131668 0.16574973044912116871 0.03941124668419378890 0.00000000099999999999 0.03483523833865843911 0.12640876785704768803 0.02078452884755930055 0.21838608883364010738 
0.03079718879767278164 0.30676707111437528930 0.08489336870419092462 0.27517903342945365663 0.00820778992210857879 0.09249414454583457235 0.00000000099999999999 0.04447619862125641588 0.15718520386510795306 
0.01360178752848248927 0.61373848941686082181 0.12065098912173838341 0.00000000099999999980 0.00000000099999999980 0.00000000099999999980 0.25200872893291847987 0.00000000099999999980 0.00000000099999999980 
0.00000000099999999991 0.63795573096560709292 0.15482286550583693185 0.00000000099999999991 0.00000004699868867068 0.01128752607542699016 0.14009031485770964687 0.00000000099999999991 0.05584351259673057954 
0.05608640530617369641 0.38777787062039936750 0.26444113626415843843 0.03271697187924371697 0.00000000100000000000 0.03773703701762615853 0.01844964562549045867 0.00593062622839284331 0.19686030605851537190 
0.00000000099999999877 0.00000000099999999877 0.00000000099999999877 0.00000000099999999877 0.00226587147169985802 0.00000000099999999877 0.00000000099999999877 0.99773412152830009969 0.00000000099999999877 
0.00000000099999999791 0.00000000099999999791 0.00000000099999999791 0.00000000099999999791 0.00000000099999999791 0.00000000099999999791 0.00000000099999999791 0.99999999200000000421 0.00000000099999999791 
0.00000000099999999783 0.00000000099999999783 0.00000000099999999783 0.00000000099999999783 0.00000000099999999783 0.00000000099999999783 0.00000000099999999783 0.99999999200000000421 0.00000000099999999783 
0.56974209246640583615 0.00000000099999999946 0.43025790053359436182 0.00000000099999999946 0.00000000099999999946 0.00000000099999999946 0.00000000099999999946 0.00000000099999999946 0.00000000099999999946 
0.16596268814160369809 0.09130440743974253814 0.39791319207932268620 0.00000000099999999976 0.00000000099999999976 0.00000000099999999976 0.06537640935982641510 0.00000000099999999976 0.27944329897950476171 
0.03110423321064886490 0.25608100615238216236 0.00000000099999999988 0.00000000099999999988 0.00232894994564908798 0.00000000099999999988 0.14326484534388014835 0.00000000099999999988 0.56722096134743948959 
0.15454913609830817078 0.33396715539165255926 0.00000000099999999973 0.00000000099999999973 0.00000000099999999973 0.00000000099999999973 0.14974786122584241022 0.00000000099999999973 0.36173584228419680686 
0.15694257160439786802 0.33143516362632902128 0.00000000099999999972 0.00000000099999999972 0.00000000099999999972 0.00000000099999999972 0.15481572978334728896 0.00000000099999999972 0.35680652998592571334 
0.15319539711116844649 0.33772514019137289676 0.00000000099999999973 0.00000000099999999973 0.00000000099999999973 0.00000000099999999973 0.15000425526297297973 0.00000000099999999973 0.35907520243448554087 
0.00000000099999999971 0.64440662647859592305 0.00000000099999999971 0.00000000099999999971 0.00000000099999999971 0.00000000099999999971 0.11352623129365536914 0.00000000099999999971 0.24206713622774900241 
0.00000000099999999963 0.59032487486317908321 0.00000000099999999963 0.00000000099999999963 0.00000000099999999963 0.00000000099999999963 0.21759429598321519683 0.00000000099999999963 0.19208082315360583414 
0.00000000099999999975 0.62083140795825919600 0.00000000099999999975 0.00000000099999999975 0.00000000099999999975 0.00000000099999999975 0.34026185868206909602 0.00000000099999999975 0.03890672735967196788 
0.02686421740260690541 0.07550937838122259715 0.05830004087061235046 0.43663459535659554511 0.00816736822026456998 0.12220953025951294957 0.00000000099999999999 0.08607593717603058414 0.18623893133315447268 
0.02358914685566829150 0.50849870938413044286 0.05541359435921273946 0.03616496465603494942 0.00024543204420963895 0.01747691641415512545 0.26739847051389731281 0.01597132252734299179 0.07524144324534848272 
0.00000000099999999999 0.34538169140571944871 0.01968028628252671552 0.30647397767214124009 0.00000000099999999999 0.04422352238509613676 0.19465266990267740543 0.04431040311244377472 0.04527744723939531452 
0.02183273673619413185 0.46241309971175736937 0.08641950840197477890 0.19136003875262327933 0.02931720396682764226 0.07634546960019406026 0.01538041930670472693 0.04097005666214766778 0.07596146686157634331 
0.00000000099999999989 0.50013257221422546817 0.03138256951563952318 0.00000000099999999989 0.00000000099999999989 0.00000000099999999989 0.17445977698234829689 0.00000000099999999989 0.29402507628778695725 
0.00000000099999999992 0.47781645781645931681 0.08670714149838834595 0.00056460740952417603 0.00000000099999999992 0.00939737963679570035 0.11120910563397778947 0.00000000099999999992 0.31430530500485481804 
0.00000000099999999968 0.58954489061104098369 0.00000000099999999968 0.00000000099999999968 0.00000000099999999968 0.00000000099999999968 0.41045510238895932531 0.00000000099999999968 0.00000000099999999968 
0.00000000099999999956 0.59478850827523443989 0.00000000099999999956 0.00000000099999999956 0.00000000099999999956 0.00000000099999999956 0.40521148472476564706 0.00000000099999999956 0.00000000099999999956 
0.00000000099999999952 0.59469794252170349314 0.00000000099999999952 0.00000000099999999952 0.00000000099999999952 0.00000000099999999952 0.40530205047829676035 0.00000000099999999952 0.00000000099999999952 
0.05116962150917508251 0.93094969871331034739 0.01788067377751468429 0.00000000099999999939 0.00000000099999999939 0.00000000099999999939 0.00000000099999999939 0.00000000099999999939 0.00000000099999999939 
0.00376818056926102665 0.97878113026735680258 0.00000000099999999935 0.00000000099999999935 0.00000000099999999935 0.00000000099999999935 0.01745068316338237863 0.00000000099999999935 0.00000000099999999935 
0.00000000099999999962 0.90149627471386162281 0.03395130503438593267 0.00000000099999999962 0.00000000099999999962 0.00000000099999999962 0.06455241425175263503 0.00000000099999999962 0.00000000099999999962 
0.03710510455846384448 0.84398013649643277567 0.11891475294510354954 0.00000000099999999927 0.00000000099999999927 0.00000000099999999927 0.00000000099999999927 0.00000000099999999927 0.00000000099999999927 
0.18589231132282119097 0.60238049373156166144 0.18568048539189715984 0.00000000099999999996 0.00482784001434940265 0.00297304163179089786 0.01824582490757951578 0.00000000099999999996 0.00000000099999999996 
0.06351908894221254542 0.86554796552145540911 0.01672635686815146863 0.00000000099999999995 0.00000000099999999995 0.00000000099999999995 0.00977891874310771528 0.00436400106003423296 0.04006366586503885829 
0.00000000099999999931 0.96037585983801987410 0.00000000099999999931 0.00000000099999999931 0.00000000099999999931 0.00000000099999999931 0.03962413316198020591 0.00000000099999999931 0.00000000099999999931 
0.00000000099999999935 0.96637936624160847288 0.03362062675839177367 0.00000000099999999935 0.00000000099999999935 0.00000000099999999935 0.00000000099999999935 0.00000000099999999935 0.00000000099999999935 
0.02888406079851032343 0.90860994640237324749 0.06250598679911648081 0.00000000099999999968 0.00000000099999999968 0.00000000099999999968 0.00000000099999999968 0.00000000099999999968 0.00000000099999999968 
0.03715435784603372121 0.89088625508609242676 0.07195938106787390376 0.00000000099999999965 0.00000000099999999965 0.00000000099999999965 0.00000000099999999965 0.00000000099999999965 0.00000000099999999965 
0.00000000099999999970 0.00000000099999999970 0.00000000099999999970 0.00000000099999999970 0.00000000099999999970 0.00000000099999999970 0.02374587955086569085 0.00000000099999999970 0.97625411344913437528 
0.00000000099999999987 0.78637687808021861091 0.12772948724148078248 0.00006439960049172849 0.00000000099999999987 0.00000000099999999987 0.03894388001843453184 0.00000000099999999987 0.04688535105937460118 
0.05898470768090847277 0.00000000099999999958 0.00000000099999999958 0.00000000099999999958 0.00000000099999999958 0.00000000099999999958 0.08878096954192066237 0.00000000099999999958 0.85223431677717087496 
