0.99999999100000003249 0.00000000099999999853 0.00000000099999999853 0.00000000099999999853 0.00000000099999999853 0.00000000099999999853 0.00000000099999999853 0.00000000099999999853 0.00000000099999999853 0.00000000099999999853 
0.99999999100000014352 0.00000000099999999856 0.00000000099999999856 0.00000000099999999856 0.00000000099999999856 0.00000000099999999856 0.00000000099999999856 0.00000000099999999856 0.00000000099999999856 0.00000000099999999856 
0.99999999100000014352 0.00000000099999999853 0.00000000099999999853 0.00000000099999999853 0.00000000099999999853 0.00000000099999999853 0.00000000099999999853 0.00000000099999999853 0.00000000099999999853 0.00000000099999999853 
0.00000023380969964304 0.00000000258459203086 0.52358113825468577396 0.00003204398133146273 0.16091151115884208544 0.00206129829117827641 0.28702160121432429563 0.00000988868892164903 0.02404223018917186691 0.00234005182725273648 
0.08045564705952085172 0.00007080946650468766 0.19139838093397376628 0.00018315824486821256 0.15045229978624025113 0.00002134443260604956 0.20712654233232452583 0.03070261775430139367 0.00091718582024795175 0.33867201416941233871 
0.99999999100000003249 0.00000000099999999839 0.00000000099999999839 0.00000000099999999839 0.00000000099999999839 0.00000000099999999839 0.00000000099999999839 0.00000000099999999839 0.00000000099999999839 0.00000000099999999839 
0.99999999100000014352 0.00000000099999999838 0.00000000099999999838 0.00000000099999999838 0.00000000099999999838 0.00000000099999999838 0.00000000099999999838 0.00000000099999999838 0.00000000099999999838 0.00000000099999999838 
0.99999999100000014352 0.00000000099999999820 0.00000000099999999820 0.00000000099999999820 0.00000000099999999820 0.00000000099999999820 0.00000000099999999820 0.00000000099999999820 0.00000000099999999820 0.00000000099999999820 
0.99999999100000003249 0.00000000099999999841 0.00000000099999999841 0.00000000099999999841 0.00000000099999999841 0.00000000099999999841 0.00000000099999999841 0.00000000099999999841 0.00000000099999999841 0.00000000099999999841 
0.99999999100000003249 0.00000000099999999842 0.00000000099999999842 0.00000000099999999842 0.00000000099999999842 0.00000000099999999842 0.00000000099999999842 0.00000000099999999842 0.00000000099999999842 0.00000000099999999842 
0.99999999100000003249 0.00000000099999999803 0.00000000099999999803 0.00000000099999999803 0.00000000099999999803 0.00000000099999999803 0.00000000099999999803 0.00000000099999999803 0.00000000099999999803 0.00000000099999999803 
0.00000000099999999828 0.00000000099999999828 0.99999999100000003249 0.00000000099999999828 0.00000000099999999828 0.00000000099999999828 0.00000000099999999828 0.00000000099999999828 0.00000000099999999828 0.00000000099999999828 
0.00000000099999999828 0.00000000099999999828 0.99999999100000003249 0.00000000099999999828 0.00000000099999999828 0.00000000099999999828 0.00000000099999999828 0.00000000099999999828 0.00000000099999999828 0.00000000099999999828 
0.00000000099999999880 0.00000000099999999880 0.99999999099999992147 0.00000000099999999880 0.00000000099999999880 0.00000000099999999880 0.00000000099999999880 0.00000000099999999880 0.00000000099999999880 0.00000000099999999880 
0.00000000099999999834 0.00000000099999999834 0.99999999100000003249 0.00000000099999999834 0.00000000099999999834 0.00000000099999999834 0.00000000099999999834 0.00000000099999999834 0.00000000099999999834 0.00000000099999999834 
0.00000000099999999976 0.00000000099999999976 0.81201607334989323039 0.00000000099999999976 0.05854299046534054696 0.00000000099999999976 0.00000000099999999976 0.00000000099999999976 0.00000000099999999976 0.12944092918476637899 
0.00000000099999999816 0.00000000099999999816 0.99999999100000003249 0.00000000099999999816 0.00000000099999999816 0.00000000099999999816 0.00000000099999999816 0.00000000099999999816 0.00000000099999999816 0.00000000099999999816 
0.00000000099999999820 0.00000000099999999820 0.99999999099999992147 0.00000000099999999820 0.00000000099999999820 0.00000000099999999820 0.00000000099999999820 0.00000000099999999820 0.00000000099999999820 0.00000000099999999820 
0.00000000099999999911 0.00000000099999999911 0.99999999100000003249 0.00000000099999999911 0.00000000099999999911 0.00000000099999999911 0.00000000099999999911 0.00000000099999999911 0.00000000099999999911 0.00000000099999999911 
0.00000000099999999886 0.00000000099999999886 0.99999999099999992147 0.00000000099999999886 0.00000000099999999886 0.00000000099999999886 0.00000000099999999886 0.00000000099999999886 0.00000000099999999886 0.00000000099999999886 
0.00000000099999999949 0.00000000099999999949 0.99999999100000003249 0.00000000099999999949 0.00000000099999999949 0.00000000099999999949 0.00000000099999999949 0.00000000099999999949 0.00000000099999999949 0.00000000099999999949 
0.00000000099999999879 0.00000000099999999879 0.99999999099999992147 0.00000000099999999879 0.00000000099999999879 0.00000000099999999879 0.00000000099999999879 0.00000000099999999879 0.00000000099999999879 0.00000000099999999879 
0.00000000099999999844 0.00000000099999999844 0.99999999100000003249 0.00000000099999999844 0.00000000099999999844 0.00000000099999999844 0.00000000099999999844 0.00000000099999999844 0.00000000099999999844 0.00000000099999999844 
0.00000000099999999846 0.00000000099999999846 0.99999999099999992147 0.00000000099999999846 0.00000000099999999846 0.00000000099999999846 0.00000000099999999846 0.00000000099999999846 0.00000000099999999846 0.00000000099999999846 
0.00000000099999999815 0.00000000099999999815 0.99999999100000003249 0.00000000099999999815 0.00000000099999999815 0.00000000099999999815 0.00000000099999999815 0.00000000099999999815 0.00000000099999999815 0.00000000099999999815 
0.00000000099999999825 0.00000000099999999825 0.99999999100000003249 0.00000000099999999825 0.00000000099999999825 0.00000000099999999825 0.00000000099999999825 0.00000000099999999825 0.00000000099999999825 0.00000000099999999825 
0.00000000099999999823 0.00000000099999999823 0.99999999099999992147 0.00000000099999999823 0.00000000099999999823 0.00000000099999999823 0.00000000099999999823 0.00000000099999999823 0.00000000099999999823 0.00000000099999999823 
0.67374510629785611115 0.00000000099999999983 0.00865054057702871991 0.00000000099999999983 0.21938603022895633576 0.00000000099999999983 0.08513847263569122858 0.01307984526046769395 0.00000000099999999983 0.00000000099999999983 
0.19544726561967637468 0.00000000099999999990 0.00000000099999999990 0.04798011641247722919 0.46509054602851734872 0.00000000099999999990 0.24529729010962503244 0.04618477682970393433 0.00000000099999999990 0.00000000099999999990 
0.23559316981120745349 0.00340729101628892139 0.02905905881991354897 0.08784272976427090485 0.30026585649627046681 0.10914915613946292450 0.17968669709497386844 0.05499603885761199934 0.00000000099999999994 0.00000000099999999994 
0.20356417716112859551 0.00000000099999999993 0.00000000099999999993 0.04582677981754660484 0.38664907582011359688 0.13631050120017360050 0.22764946100103752857 0.00000000099999999993 0.00000000099999999993 0.00000000099999999993 
0.00000000099999999936 0.00000000099999999936 0.00000000099999999936 0.00000000099999999936 0.99999999100000003249 0.00000000099999999936 0.00000000099999999936 0.00000000099999999936 0.00000000099999999936 0.00000000099999999936 
0.00000000099999999942 0.00000000099999999942 0.00000000099999999942 0.00000000099999999942 0.99999999100000003249 0.00000000099999999942 0.00000000099999999942 0.00000000099999999942 0.00000000099999999942 0.00000000099999999942 
0.64068644256113849167 0.00000000099999999980 0.02720464058753037026 0.00000000099999999980 0.21712190314402551872 0.00000000099999999980 0.08731369513814954408 0.00000000099999999980 0.00000000099999999980 0.02767331356915632076 
0.00000000099999999942 0.00000000099999999942 0.00000000099999999942 0.00000000099999999942 0.99999999100000014352 0.00000000099999999942 0.00000000099999999942 0.00000000099999999942 0.00000000099999999942 0.00000000099999999942 
0.00000000099999999945 0.00000000099999999945 0.00000000099999999945 0.00000000099999999945 0.99999999100000014352 0.00000000099999999945 0.00000000099999999945 0.00000000099999999945 0.00000000099999999945 0.00000000099999999945 
0.03671209593946747618 0.01527024394770893842 0.04304090547286232304 0.47192888908593438879 0.23344929239197548254 0.07210014877404323508 0.00229623506999790438 0.00000000100000000000 0.02260138751657292736 0.10260080080143751946 
0.00000000099999999989 0.06946253256399222142 0.00000000099999999989 0.23469991989151642309 0.00000000099999999989 0.67089554249095184613 0.02494199905353956456 0.00000000099999999989 0.00000000099999999989 0.00000000099999999989 
0.00000000099999999998 0.03146373104254389375 0.00000000099999999998 0.14638968398336110743 0.02586139279738873184 0.62908568000847442381 0.07002742412294463148 0.08978601547274141226 0.00267839677770014169 0.00470767379484565880 
0.01414223705870393429 0.03932239614278883882 0.00956332167128907083 0.28348556372185590435 0.00000000099999999997 0.40756778318382402837 0.11824737023011135106 0.12620474663988889841 0.00146657935153803130 0.00000000099999999997 
0.00000000099999999988 0.00000000099999999988 0.00500905329673876840 0.67038614803927432106 0.10256321405416261860 0.02628867566210619025 0.14359380486255271525 0.05215910008516518731 0.00000000099999999988 0.00000000099999999988 
0.00660046612164818733 0.03707899082962037157 0.00000000099999999997 0.25668191505885695758 0.11202790509791561713 0.43027179872776610825 0.06421339462495620487 0.08418943759637659285 0.00000000099999999997 0.00893608994285979841 
0.03023109877391622763 0.00000000099999999996 0.00000000099999999996 0.53003285815458422991 0.05663811324514631679 0.28943314839301298447 0.04158235776902443476 0.05208241966431580161 0.00000000099999999996 0.00000000099999999996 
0.00000000099999999995 0.00000000099999999995 0.00000000099999999995 0.47711347017060845577 0.27810918430558695391 0.01908386199956931331 0.11427349285559806891 0.05621219242610561023 0.00000000099999999995 0.05520779424253150630 
0.00000000099999999998 0.01621702571193026424 0.00000000099999999998 0.39948198460190675885 0.05215321908783680793 0.23770284616273903988 0.16340957671451530886 0.09201464120093343080 0.00000000099999999998 0.03902070352013829041 
0.00000000099999999996 0.01472041973197341092 0.00000000099999999996 0.12450258864820933080 0.26096310771164560327 0.27810706549978869706 0.23262415758784299458 0.08908265682054010426 0.00000000099999999996 0.00000000099999999996 
0.00000000099999999997 0.00411963682006950219 0.14259219782933130194 0.05970348994755560884 0.42601801900816416158 0.11770644082517411899 0.00000000099999999997 0.16017750608969769099 0.00000000099999999997 0.08968270648000767342 
0.01109235467018375963 0.00000000099999999989 0.00000000099999999989 0.84402171430381434103 0.00000000099999999989 0.00000000099999999989 0.00000000099999999989 0.00000000099999999989 0.07551544179001654089 0.06937048323598533905 
0.05392370924588019837 0.00097073860362576034 0.00000000099999999986 0.82158348646402490356 0.00000000099999999986 0.00000000099999999986 0.00000000099999999986 0.00000000099999999986 0.03061376546380760802 0.09290829522266162710 
0.02092503760032396118 0.00840205238053096798 0.00000000099999999981 0.86965597769676150630 0.00000000099999999981 0.00000000099999999981 0.00000000099999999981 0.00000000099999999981 0.05733584144401509403 0.04368108587836844192 
0.02793009760970295921 0.00860470431166795308 0.03160841493178784267 0.65237720522093733955 0.01829491407289793661 0.10141102863942551282 0.00918680191866941102 0.00000000099999999999 0.08125434793749845841 0.06933248435741258542 
0.02269880723866399622 0.00484158585913878597 0.00704272737339598637 0.67501302463399237563 0.05921541980473016969 0.08570210637872036075 0.00001529425592943908 0.00000000100000000000 0.07781297478343039697 0.06765805867199861656 
0.00000000099999999983 0.00000000099999999983 0.22826934348576699563 0.00000000099999999983 0.20794586260287162283 0.01255948348683359056 0.00000000099999999983 0.00000000099999999983 0.00000000099999999983 0.55122530442452777333 
0.03258071528188376947 0.00000000099999999980 0.12236602215828452922 0.00000000099999999980 0.19283386074215511097 0.00000000099999999980 0.05750127849889519888 0.00000000099999999980 0.00000000099999999980 0.59471811831878129695 
0.02850948012039498936 0.00000000099999999993 0.12339610992470709250 0.01600614974930432075 0.19745884867514554295 0.12141416439394035753 0.00000000099999999993 0.00000000099999999993 0.00000000099999999993 0.51321524313650757065 
0.00000000099999999973 0.00000000099999999973 0.17363677294585869171 0.00000000099999999973 0.19464784827428735503 0.00000000099999999973 0.00000000099999999973 0.00000000099999999973 0.00000000099999999973 0.63171537177985381817 
0.00000000099999999991 0.00000000099999999991 0.13964846146389292558 0.00392056230776509449 0.26239353718184788011 0.00646424860275649372 0.00000000099999999991 0.00000000099999999991 0.00000000099999999991 0.58757318544373760005 
0.11805586998759888540 0.00000000099999999983 0.13711539968292854597 0.00000000099999999983 0.00994387856680508872 0.06863174260306387220 0.00000000099999999983 0.00000000099999999983 0.00000000099999999983 0.66625310415960348198 
0.05214671255794775528 0.02714522854343279223 0.14491919358369406701 0.00000000099999999994 0.21196313578637304698 0.24749131415743244600 0.02889403188732481143 0.00000000099999999994 0.00000000099999999994 0.28744038048379522143 
0.16994025725076908340 0.04272773401946761140 0.00000000099999999987 0.07441544583741908914 0.00000000099999999987 0.00000000099999999987 0.00000000099999999987 0.00000000099999999987 0.00000000099999999987 0.71291655689234412208 
0.16031099096712603247 0.00000000100000000000 0.04832251149150930403 0.17539583457274662837 0.09292135647732535642 0.02770264512281254976 0.00523672635850017543 0.02236436829633358866 0.00000000100000000000 0.46774556471364647781 
0.18791924370271287370 0.01165627450867685877 0.02631278286200442254 0.00301194618249556612 0.00000000099999999991 0.00000000099999999991 0.00000000099999999991 0.00000000099999999991 0.00000000099999999991 0.77109974774411027543 
0.05082199236176548202 0.00000000099999999990 0.00000000099999999990 0.10552580250985570121 0.00000000099999999990 0.25798300233798515668 0.00000000099999999990 0.42453283930816321234 0.00000000099999999990 0.16113635848223059610 
0.07325147358257236285 0.00016781801643671245 0.09621690450759143309 0.11149693325220620677 0.41890136809973810283 0.17171561736610735371 0.05542693362705696652 0.00000000099999999997 0.00000000099999999997 0.07282294954829095224 
0.00000000099999999991 0.00000000099999999991 0.06171845460172707687 0.21680325703485628375 0.56850237836922146162 0.10541486749748298080 0.04085021633327576285 0.00671082216343646225 0.00000000099999999991 0.00000000099999999991 
0.00004003676721910186 0.00000000099999999997 0.01538803884649127089 0.32219084765049865737 0.44022369438404601594 0.01159094696586453026 0.07117971071693524054 0.08697957985019044713 0.00000000099999999997 0.05240714281875470670 
0.00000000099999999995 0.00000000099999999995 0.07014008146983874425 0.37284711350684346387 0.40578267796350603325 0.05176157919506520211 0.02018445206982421788 0.07928409179492233727 0.00000000099999999995 0.00000000099999999995 
0.07958779072469741867 0.00000000099999999988 0.00000000099999999988 0.77084674102259187478 0.08296953462799719348 0.06597638687729956430 0.00000000099999999988 0.00061954174741381100 0.00000000099999999988 0.00000000099999999988 
0.03299152431085087406 0.00000000099999999993 0.02833622449757498829 0.64922922345072930916 0.23997610240421876626 0.00000000099999999993 0.00160093732326593613 0.01281968058659908698 0.00000000099999999993 0.03504630442676103658 
0.00000000099999999954 0.00000000099999999954 0.00000000099999999954 0.99077925555275703218 0.00922073644724294601 0.00000000099999999954 0.00000000099999999954 0.00000000099999999954 0.00000000099999999954 0.00000000099999999954 
0.00000000099999999959 0.00000000099999999959 0.00000000099999999959 0.86827279663026535328 0.13172719536973465093 0.00000000099999999959 0.00000000099999999959 0.00000000099999999959 0.00000000099999999959 0.00000000099999999959 
0.00481820820359980546 0.01140497270639434513 0.02697939937676839192 0.45082517437531127724 0.30341148610128754193 0.07109225300244671752 0.03056712356781971299 0.06123819400117157252 0.00000000099999999999 0.03966318766520053607 
0.05230516066378149143 0.03476539160012634411 0.00000000099999999998 0.48381210729345947019 0.04232109678880396214 0.08805616053965774348 0.01951427507029274491 0.00000000099999999998 0.00389482541952418642 0.27533098062435401587 
0.00000000099999999991 0.00734120457851931106 0.04537066457319567647 0.18682791549248434215 0.69403377883042660645 0.06642643152537414108 0.00000000099999999991 0.00000000099999999991 0.00000000099999999991 0.00000000099999999991 
0.00000000099999999977 0.00000000099999999977 0.00009610177852070193 0.85135563599456476336 0.14854825522691456063 0.00000000099999999977 0.00000000099999999977 0.00000000099999999977 0.00000000099999999977 0.00000000099999999977 
0.00956763859603742585 0.07800397971843760214 0.04730186449231379292 0.47297007879703045763 0.24253678626992428158 0.05847483632440802354 0.04578009418138045961 0.00000000099999999997 0.00000000099999999997 0.04536471962046802892 
0.06636268936121503259 0.02255731042533570471 0.07707181282209446538 0.31693983291050742412 0.18666565149757513575 0.11735764739627804754 0.03023093215029180533 0.00607796093578074313 0.01216328547426043412 0.16457287702666120732 
0.00541606820081936852 0.02002735815103144981 0.12893966201971490682 0.09180371424832473037 0.45046128316616101950 0.16096333387152403360 0.05745551228209995476 0.01371356801217583216 0.00000000099999999998 0.07121949904814874055 
0.00000000099999999985 0.00000000099999999985 0.00823322483798061104 0.73230520704537538368 0.14785341026946369203 0.07667676114354084194 0.03493139170363955548 0.00000000099999999985 0.00000000099999999985 0.00000000099999999985 
0.00000000099999999989 0.00000000099999999989 0.03612453579076856797 0.54152542505249279259 0.27648550963544460402 0.14586452352129422594 0.00000000099999999989 0.00000000099999999989 0.00000000099999999989 0.00000000099999999989 
0.00000000099999999986 0.00000000099999999986 0.03282778760152550712 0.77021186705059241362 0.19687119290562493656 0.00000000099999999986 0.00008914644225725671 0.00000000099999999986 0.00000000099999999986 0.00000000099999999986 
0.08417996916816761210 0.00970889141940965011 0.02141512225844994025 0.24043235853572331173 0.43198438181878695552 0.01046500952013653014 0.00000000099999999997 0.00000000099999999997 0.00000000099999999997 0.20181426427932605550 
0.04536790579066556778 0.00000000099999999995 0.04738683730240663555 0.28725984835716000809 0.49637925535027971335 0.08874591446996767108 0.01065600709525705257 0.00000000099999999995 0.00000000099999999995 0.02420422863426337223 
0.02561968558942673280 0.00000000099999999999 0.03807003345145110879 0.07850572338773277592 0.33446747890572325890 0.33532086024517337997 0.08895031674286719980 0.06571233692264630277 0.01206482809559824947 0.02128873565938092099 
0.00000000099999999991 0.01761430553622015879 0.06948574826433934204 0.04476385526892868311 0.55898458091944314141 0.12910083156712787167 0.00000000099999999991 0.05280522097246289487 0.00000000099999999991 0.12724545447147800337 
0.05267900966353104147 0.00000000099999999995 0.03622379302045809768 0.28182887789249594368 0.47450891067432282577 0.12081133261713290772 0.03394807213205934537 0.00000000099999999995 0.00000000099999999995 0.00000000099999999995 
0.24296449904028497024 0.00000000099999999988 0.02721036647645155501 0.00000000099999999988 0.43729198511050981768 0.00000000099999999988 0.28039176877522575815 0.01214137559752783563 0.00000000099999999988 0.00000000099999999988 
0.03110722781972306838 0.08141259836517376891 0.00000000099999999994 0.13875364019551109096 0.00000000099999999994 0.56730003918443683286 0.02879061553389484704 0.05216027841972677159 0.00000000099999999994 0.10047559748153356285 
0.53237421754053515510 0.03083408335261447059 0.00000000099999999987 0.00000000099999999987 0.16922156837177743105 0.00000000099999999987 0.10435858774706555097 0.00000000099999999987 0.00000000099999999987 0.16321153798800766554 
0.51037814913828272179 0.02576494727229307682 0.00000000099999999992 0.00256100686454283815 0.25901483920911327896 0.05528621229312944557 0.00000000099999999992 0.05732247909424367099 0.00000000099999999992 0.08967236312839511891 
0.46155231665765816818 0.00310059256380390211 0.11440037733385832741 0.04067586271798327713 0.27081702425537673706 0.02855902324526105734 0.04888679759404267883 0.00760920793312354175 0.00000000099999999995 0.02439879669889219796 
0.26974939496015337692 0.00000000099999999991 0.06677627125594716440 0.00000000099999999991 0.10563717744313774749 0.05651385628210397333 0.15799530188111982065 0.00000000099999999991 0.00000000099999999991 0.34332799417753795401 
0.00000000099999999984 0.00000000099999999984 0.16430231720965024489 0.00000000099999999984 0.30121352210679552819 0.00614258519980654359 0.00000000099999999984 0.00000000099999999984 0.00000000099999999984 0.52834156948374755292 
0.00000000099999999985 0.00000000099999999985 0.16369159335962507607 0.00000000099999999985 0.22107125863622575923 0.08682821354363334798 0.04256533446244204627 0.00000000099999999985 0.00000000099999999985 0.48584359499807378002 
0.00000000099999999855 0.00000000099999999855 0.99999999100000003249 0.00000000099999999855 0.00000000099999999855 0.00000000099999999855 0.00000000099999999855 0.00000000099999999855 0.00000000099999999855 0.00000000099999999855 
0.00000000099999999856 0.00000000099999999856 0.99999999100000003249 0.00000000099999999856 0.00000000099999999856 0.00000000099999999856 0.00000000099999999856 0.00000000099999999856 0.00000000099999999856 0.00000000099999999856 
0.00000000099999999854 0.00000000099999999854 0.99999999100000003249 0.00000000099999999854 0.00000000099999999854 0.00000000099999999854 0.00000000099999999854 0.00000000099999999854 0.00000000099999999854 0.00000000099999999854 
0.02540746627811054509 0.01097692727893101114 0.01796182394525361325 0.49230044105500947449 0.00000000099999999994 0.38718504996264985207 0.00000000099999999994 0.00000000099999999994 0.03205475187590425129 0.03411353660414117445 
0.04626530833263342579 0.02622970038205896595 0.02220280514447710643 0.64198455489510242167 0.06107980030663950205 0.07654696754893200450 0.02040112640496816870 0.00000000099999999998 0.05250766205673913778 0.05278207392844922602 
0.05237350895947980728 0.01078718008735798581 0.01863221967382643063 0.66635312782236844065 0.03990772469710446996 0.06419353317525383629 0.03375798574491505749 0.00000000099999999998 0.06535778197903660547 0.04863693686065755084 
0.02950656556463019525 0.00000000099999999998 0.01580938613493534234 0.74395559339971306656 0.02801835571915607323 0.11064965095592771416 0.00000000099999999998 0.00000000099999999998 0.07206044422563763485 0.00000000099999999998 
0.00000000099999999956 0.00000000099999999956 0.00000000099999999956 0.99999999100000003249 0.00000000099999999956 0.00000000099999999956 0.00000000099999999956 0.00000000099999999956 0.00000000099999999956 0.00000000099999999956 
0.00000000099999999961 0.00000000099999999961 0.00000000099999999961 0.99999999100000014352 0.00000000099999999961 0.00000000099999999961 0.00000000099999999961 0.00000000099999999961 0.00000000099999999961 0.00000000099999999961 
0.00000000099999999827 0.00000000099999999827 0.00000000099999999827 0.00000000099999999827 0.00000000099999999827 0.00000000099999999827 0.00000000099999999827 0.00000000099999999827 0.99999999099999981045 0.00000000099999999827 
0.00000000099999999798 0.00000000099999999798 0.00000000099999999798 0.00000000099999999798 0.00000000099999999798 0.00000000099999999798 0.00000000099999999798 0.00000000099999999798 0.99999999099999981045 0.00000000099999999798 
0.00000000099999999973 0.00000000099999999973 0.00000000099999999973 0.06774787431768919399 0.00000000099999999973 0.00000000099999999973 0.00000000099999999973 0.00000000099999999973 0.93225211768231075471 0.00000000099999999973 
0.00000000099999999848 0.00000000099999999848 0.00000000099999999848 0.00000000099999999848 0.00000000099999999848 0.00000000099999999848 0.00000000099999999848 0.00000000099999999848 0.99999999099999981045 0.00000000099999999848 
0.00000000099999999819 0.00000000099999999819 0.00000000099999999819 0.00000000099999999819 0.00000000099999999819 0.00000000099999999819 0.00000000099999999819 0.00000000099999999819 0.99999999099999981045 0.00000000099999999819 
0.00000000099999999772 0.00000000099999999772 0.00000000099999999772 0.00000000099999999772 0.00000000099999999772 0.00000000099999999772 0.00000000099999999772 0.00000000099999999772 0.99999999099999992147 0.00000000099999999772 
0.00000000099999999772 0.00000000099999999772 0.00000000099999999772 0.00000000099999999772 0.00000000099999999772 0.00000000099999999772 0.00000000099999999772 0.00000000099999999772 0.99999999099999981045 0.00000000099999999772 
0.02057758937677480263 0.00000000099999999995 0.00000000099999999995 0.31930169783906930947 0.00000000099999999995 0.51686390260831427401 0.11449836049309376762 0.01067310361753652688 0.01808534206521114976 0.00000000099999999995 
0.00000000099999999782 0.00000000099999999782 0.00000000099999999782 0.00000000099999999782 0.00000000099999999782 0.00000000099999999782 0.00000000099999999782 0.00000000099999999782 0.99999999099999992147 0.00000000099999999782 
0.00000000099999999796 0.00000000099999999796 0.00000000099999999796 0.00000000099999999796 0.00000000099999999796 0.00000000099999999796 0.00000000099999999796 0.00000000099999999796 0.99999999099999981045 0.00000000099999999796 
0.00000000099999999798 0.00000000099999999798 0.00000000099999999798 0.00000000099999999798 0.00000000099999999798 0.00000000099999999798 0.00000000099999999798 0.00000000099999999798 0.99999999099999992147 0.00000000099999999798 
0.00000000099999999813 0.00000000099999999813 0.00000000099999999813 0.00000000099999999813 0.00000000099999999813 0.00000000099999999813 0.00000000099999999813 0.00000000099999999813 0.99999999099999981045 0.00000000099999999813 
0.00000000099999999771 0.00000000099999999771 0.00000000099999999771 0.00000000099999999771 0.00000000099999999771 0.00000000099999999771 0.00000000099999999771 0.00000000099999999771 0.99999999099999992147 0.00000000099999999771 
0.00000000099999999778 0.00000000099999999778 0.00000000099999999778 0.00000000099999999778 0.00000000099999999778 0.00000000099999999778 0.00000000099999999778 0.00000000099999999778 0.99999999099999981045 0.00000000099999999778 
0.02179634700075617007 0.00000000099999999999 0.01089087422293638641 0.24667062523750343805 0.22518790797351920241 0.40480302718147914698 0.01365549395637609929 0.03810971315929391479 0.00000000099999999999 0.03888600926813574193 
0.00000000099999999999 0.03212448788475463779 0.02666610625809628932 0.03589175457757510374 0.00000000099999999999 0.77249843943425267057 0.02452312514830868803 0.07712396296053145028 0.00764555805674717748 0.02352656367973388757 
0.01059394897308698832 0.12344117026248709046 0.00000000099999999994 0.08933052824211094867 0.00000000099999999994 0.55258409039684441844 0.04391678919697438593 0.03335022290955107216 0.00574464579871906966 0.14103860222022607251 
0.00000000099999999998 0.07238962411773507133 0.00000001861634758876 0.00000000099999999998 0.03651670102358031689 0.74346314530462298542 0.03553769782641288955 0.04184367243066301756 0.00000000099999999998 0.07024913768063828501 
0.05124370125423505923 0.00571643876742192799 0.00000000099999999999 0.09165316713803921267 0.26448064912289837025 0.34669766483950675839 0.04136767667799691461 0.07852424614622351140 0.01580664130852311999 0.10450981374515513900 
0.02478671439392854392 0.14886048240240928875 0.00000000099999999990 0.00000002671788617744 0.00000000099999999990 0.73138937353576771727 0.00000000099999999990 0.00000000099999999990 0.00000000099999999990 0.09496339795000838246 
0.00830505833129600336 0.12312447795932075778 0.00000000099999999991 0.00381622132195617771 0.00000000099999999991 0.76273350432875652860 0.02388949881565296737 0.00000000099999999991 0.00000000099999999991 0.07813123524301768263 
0.01119924769374328402 0.09256113005792093729 0.00000000099999999993 0.00000000099999999993 0.00000000099999999993 0.80210946658471726778 0.00000000099999999993 0.00000000099999999993 0.00359970333083318907 0.09053044733278531320 
0.04214189189645943523 0.09080960505590598975 0.00000000099999999999 0.03996613310984826334 0.02490814029620991646 0.72421700092625873602 0.00000000099999999999 0.01431039195730583920 0.00383562136529931293 0.05981121339271253112 
0.00202884731699426099 0.12190673675601132464 0.01907609081627364978 0.00000000099999999991 0.00000000099999999991 0.67488957393720816480 0.00000000099999999991 0.00000000099999999991 0.00000000099999999991 0.18209874617351268222 
0.00000000099999999986 0.13237637427684795233 0.00000000099999999986 0.00000000099999999986 0.00000000099999999986 0.73409475239467913976 0.00000000099999999986 0.00000000099999999986 0.00000000099999999986 0.13352886632847313364 
0.00000000099999999990 0.12220580620575591246 0.01986739151485376886 0.00000000099999999990 0.00000000099999999990 0.67176096381071337404 0.00000000099999999990 0.00000000099999999990 0.00001014212494161324 0.18615569134373541327 
0.00000000099999999997 0.01314881823730680056 0.03042614608789395714 0.04731406809855281947 0.00000000099999999997 0.53601311063516587918 0.18526406923699942353 0.17174755651763906616 0.01608622818644190114 0.00000000099999999997 
0.00363118043678216460 0.04713886641334488065 0.02876905977842179885 0.00000000099999999997 0.00000000099999999997 0.65996858604139252424 0.08911024641310294481 0.15869565408739078061 0.00000000099999999997 0.01268640382956501798 
0.00000000099999999989 0.00000000099999999989 0.10823191204003601573 0.18784052780240806380 0.54042852833047583250 0.00000000099999999989 0.11746592021740534517 0.04603310660967473850 0.00000000099999999989 0.00000000099999999989 
0.04458449137646001287 0.00056520533268063439 0.36137259499750729042 0.08804646516552966373 0.37209463436318301888 0.09174471047336275886 0.00419952628757081815 0.01507837192085148548 0.00000000100000000000 0.02231399908285425920 
0.00193918301140111739 0.00000000099999999991 0.17251007639497697999 0.06195205699108349839 0.61736330089767377238 0.06800731782999408503 0.00000000099999999991 0.05329513012014315543 0.00000000099999999991 0.02493293175472722709 
0.00000000099999999989 0.00000000099999999989 0.00000000099999999989 0.00000000099999999989 0.00587928845461885632 0.72988271916916824811 0.10512170530749651021 0.15911628106871647526 0.00000000099999999989 0.00000000099999999989 
0.00000000099999999981 0.00000000099999999981 0.00000000099999999981 0.00000000099999999981 0.00000000099999999981 0.72779469417159847744 0.13754795652455495403 0.13465734230384657222 0.00000000099999999981 0.00000000099999999981 
0.00000000099999999992 0.00487383378815612559 0.00000000099999999992 0.05742468148554811386 0.00825457105436030666 0.69714429848948844537 0.15805262507281619966 0.07424998610963080836 0.00000000099999999992 0.00000000099999999992 
0.00000000099999999989 0.00000000099999999989 0.00000000099999999989 0.00000000099999999989 0.00000000099999999989 0.59757034333017022831 0.26072152727578268294 0.14170812239404717570 0.00000000099999999989 0.00000000099999999989 
0.00000000099999999996 0.01617954165225896079 0.05751154829160254334 0.02386995454994243412 0.11009287922898440548 0.64987532442427609070 0.09648869945908285228 0.04598204939385269058 0.00000000099999999996 0.00000000099999999996 
0.00000000099999999972 0.00000000099999999972 0.00000000099999999972 0.00000000099999999972 0.00000000099999999972 0.60880623387275278890 0.14921637947580987382 0.24197737965143731320 0.00000000099999999972 0.00000000099999999972 
0.00000000099999999992 0.00000000099999999992 0.00000116270037013251 0.00000000099999999992 0.00698080429660601944 0.78953519285991791143 0.00000000099999999992 0.20348283414310583406 0.00000000099999999992 0.00000000099999999992 
0.00397832509664455478 0.00000000099999999996 0.01799758149140090122 0.02177388618527803868 0.57410454184277970313 0.23101018443595094931 0.00000000099999999996 0.13239325773187574087 0.00000000099999999996 0.01874222021607015870 
0.00000000099999999982 0.00000000099999999982 0.07845334411131686669 0.00000000099999999982 0.39158583938387181433 0.37473656062124688360 0.13264830262495874713 0.02257594825860579496 0.00000000099999999982 0.00000000099999999982 
0.00000000099999999977 0.00000000099999999977 0.02111175067431817279 0.03423786079602379046 0.94465038152965807861 0.00000000099999999977 0.00000000099999999977 0.00000000099999999977 0.00000000099999999977 0.00000000099999999977 
0.00000000099999999993 0.00201485144604740280 0.00000000099999999993 0.03705549882794225564 0.65463418099736236933 0.20431092940648643008 0.09907484594994625526 0.00290968937221528856 0.00000000099999999993 0.00000000099999999993 
0.00000000099999999972 0.00000000099999999972 0.00000000099999999972 0.00000000099999999972 0.11799155052236093288 0.64174010041821683004 0.08926790793201558327 0.15100043512740662921 0.00000000099999999972 0.00000000099999999972 
0.00000000099999999984 0.00000000099999999984 0.00000000099999999984 0.00000000099999999984 0.03090646904000661152 0.40445444165587773888 0.40438443793671891013 0.16025464536739683630 0.00000000099999999984 0.00000000099999999984 
0.00000000099999999989 0.00000000099999999989 0.00000000099999999989 0.00000000099999999989 0.03774304851956172130 0.67477256192826351455 0.28748438255217484416 0.00000000099999999989 0.00000000099999999989 0.00000000099999999989 
0.00000000099999999973 0.00000000099999999973 0.00000000099999999973 0.00000000099999999973 0.13241448048154091932 0.80505102704208331144 0.00000000099999999973 0.06253448547637589783 0.00000000099999999973 0.00000000099999999973 
0.00000000099999999924 0.00000000099999999924 0.00000000099999999924 0.00000000099999999924 0.99999999100000014352 0.00000000099999999924 0.00000000099999999924 0.00000000099999999924 0.00000000099999999924 0.00000000099999999924 
0.00527924828041662769 0.06230786112083046974 0.06020570047880142300 0.15931215825562841659 0.14058333246940754591 0.38661719048991111114 0.14486349943558357589 0.02278812794212411660 0.01482213379134272695 0.00322074773595411876 
0.00000000099999999993 0.08732139803488013496 0.00000000099999999993 0.10275295543278666066 0.00000000099999999993 0.70429475452776124644 0.00000000099999999993 0.06468225626159079811 0.00000000099999999993 0.04094863074298111388 
0.00000000099999999993 0.00999896475472515645 0.00000000099999999993 0.21725234270766319300 0.07627398294487691688 0.40519848225852406198 0.18010799409159711226 0.10467091516074268631 0.00649731508187098485 0.00000000099999999993 
0.00258863608151779041 0.08043271996313837435 0.01106225566214292209 0.18766748741292302305 0.03140222657419399627 0.48976800645644186227 0.09437322223535883625 0.05919846605877045892 0.00000000099999999998 0.04350697855551281107 
0.00000000099999999994 0.00000000099999999994 0.00000000099999999994 0.17821593761090817609 0.04093621974863666246 0.39657139639795541131 0.12990826178004344360 0.18889661607754451578 0.00649922860456193362 0.05897233678034981275 
0.00000000099999999986 0.00000000099999999986 0.07999296868061590848 0.05940370625393218834 0.16018739123638101041 0.46681576582862482905 0.21160020386027991735 0.02199996014016629767 0.00000000099999999986 0.00000000099999999986 
0.00000000099999999993 0.00000000099999999993 0.00000000099999999993 0.05108791776102568349 0.00000000099999999993 0.59705369817904985208 0.19919639667762867319 0.15266198138229583603 0.00000000099999999993 0.00000000099999999993 
0.00000000099999999990 0.07978770862682001141 0.00000000099999999990 0.34243910988351161651 0.00000000099999999990 0.57777317448966847291 0.00000000099999999990 0.00000000099999999990 0.00000000099999999990 0.00000000099999999990 
0.71869582090219841231 0.01937209561367430818 0.00000000099999999983 0.00000000099999999983 0.00000000099999999983 0.00000000099999999983 0.06593061218854442962 0.00000000099999999983 0.00000000099999999983 0.19600146529558298836 
0.99999999099999992147 0.00000000099999999785 0.00000000099999999785 0.00000000099999999785 0.00000000099999999785 0.00000000099999999785 0.00000000099999999785 0.00000000099999999785 0.00000000099999999785 0.00000000099999999785 
0.99999999099999992147 0.00000000099999999780 0.00000000099999999780 0.00000000099999999780 0.00000000099999999780 0.00000000099999999780 0.00000000099999999780 0.00000000099999999780 0.00000000099999999780 0.00000000099999999780 
0.12511011414986458745 0.00901242164524041628 0.22689970588683883168 0.03456840836430688513 0.43106314831087649830 0.10950754343675518643 0.01123927282429644514 0.00000000099999999997 0.00752990943356891557 0.04506947494825223888 
0.06635926521170817938 0.01637854968707321002 0.14458809844042835868 0.02061571735880709730 0.41990590123314092130 0.08505799338608185933 0.00000000099999999993 0.00000000099999999993 0.00000000099999999993 0.24709447168276035822 
0.10285980829063483266 0.08562399400182066356 0.01415738895861411509 0.22675991434366926658 0.08689308222009943516 0.06413793020448642357 0.04656408658124810973 0.02282206255513331492 0.00306344324424838010 0.34711828960004553757 
0.00000000099999999984 0.03756492170582472617 0.00000000099999999984 0.00000000099999999984 0.00000000099999999984 0.00000000099999999984 0.72610965274582450757 0.00000000099999999984 0.00000000099999999984 0.23632541854835070749 
0.00000000099999999983 0.03706326497369941825 0.00000000099999999983 0.00000000099999999983 0.00000000099999999983 0.00000000099999999983 0.72523249701306047310 0.00000000099999999983 0.00000000099999999983 0.23770423101324023030 
0.00000000099999999983 0.03352990196936896788 0.00000000099999999983 0.00000000099999999983 0.00000000099999999983 0.00000000099999999983 0.72631566889033227774 0.00000000099999999983 0.00000000099999999983 0.24015442214029886214 
0.00000000099999999993 0.16111404299679979446 0.00000000099999999993 0.07442025417947535637 0.00000000099999999993 0.57334394926567489037 0.00588987240317983239 0.10030701406923141217 0.01265670745344889270 0.07226815663218977281 
0.00031075214892649751 0.00000000099999999985 0.01630556245710759397 0.00000000099999999985 0.00000000099999999985 0.44377526884738649482 0.53960841054657948668 0.00000000099999999985 0.00000000099999999985 0.00000000099999999985 
0.00000000099999999961 0.00000000099999999961 0.00000000099999999961 0.00000000099999999961 0.00000000099999999961 0.12523751965558246879 0.87476247234441750766 0.00000000099999999961 0.00000000099999999961 0.00000000099999999961 
0.00000000099999999988 0.00000000099999999988 0.04117343115785346286 0.00000000099999999988 0.00000000099999999988 0.55892304769961376198 0.16733486317527426768 0.12446832001781819865 0.00000000099999999988 0.10810033294944039473 
0.00000000099999999994 0.01813482356119022407 0.00000000099999999994 0.02381245250250165965 0.00000000099999999994 0.20321726031044237692 0.61511649436421933501 0.06368323544825052474 0.00314884422829444068 0.07288688658510145135 
0.00596390529663405004 0.00715914725030289065 0.00000000099999999996 0.14075156142749523092 0.00000000099999999996 0.13651642082444542803 0.60989727174253249853 0.08834649245861996014 0.01136519799997004129 0.00000000099999999996 
