0.00000000099999999898 0.00000000099999999898 0.99999999399999983662 0.00000000099999999898 0.00000000099999999898 0.00000000099999999898 0.00000000099999999898 
0.00000000099999999900 0.00000000099999999900 0.99999999399999994765 0.00000000099999999900 0.00000000099999999900 0.00000000099999999900 0.00000000099999999900 
0.00000000099999999898 0.00000000099999999898 0.99999999399999994765 0.00000000099999999898 0.00000000099999999898 0.00000000099999999898 0.00000000099999999898 
0.00672506919469576230 0.09576778815562429770 0.00447285197198227756 0.00416234835590778562 0.57241541284432440051 0.31645570031164010905 0.00000082916582529122 
0.25454250717674620219 0.00951541551255223085 0.21280561257055899405 0.03793535749608167168 0.28247395578487993761 0.19563459624084295063 0.00709255521833800084 
0.00000000099999999891 0.00000000099999999891 0.99999999399999994765 0.00000000099999999891 0.00000000099999999891 0.00000000099999999891 0.00000000099999999891 
0.00000000099999999891 0.00000000099999999891 0.99999999399999983662 0.00000000099999999891 0.00000000099999999891 0.00000000099999999891 0.00000000099999999891 
0.00000000099999999879 0.00000000099999999879 0.99999999399999994765 0.00000000099999999879 0.00000000099999999879 0.00000000099999999879 0.00000000099999999879 
0.00000000099999999892 0.00000000099999999892 0.99999999399999994765 0.00000000099999999892 0.00000000099999999892 0.00000000099999999892 0.00000000099999999892 
0.00000000099999999894 0.00000000099999999894 0.99999999399999983662 0.00000000099999999894 0.00000000099999999894 0.00000000099999999894 0.00000000099999999894 
0.00000000099999999867 0.00000000099999999867 0.99999999399999994765 0.00000000099999999867 0.00000000099999999867 0.00000000099999999867 0.00000000099999999867 
0.00000000099999999883 0.00000000099999999883 0.00000000099999999883 0.00000000099999999883 0.99999999399999983662 0.00000000099999999883 0.00000000099999999883 
0.00000000099999999883 0.00000000099999999883 0.00000000099999999883 0.00000000099999999883 0.99999999399999983662 0.00000000099999999883 0.00000000099999999883 
0.00000000099999999917 0.00000000099999999917 0.00000000099999999917 0.00000000099999999917 0.99999999400000005867 0.00000000099999999917 0.00000000099999999917 
0.00000000099999999887 0.00000000099999999887 0.00000000099999999887 0.00000000099999999887 0.99999999399999994765 0.00000000099999999887 0.00000000099999999887 
0.12648419711317429592 0.00000000099999999985 0.01013396600304056899 0.00000000099999999985 0.82678505387514600322 0.03659678000863920977 0.00000000099999999985 
0.00000000099999999875 0.00000000099999999875 0.00000000099999999875 0.00000000099999999875 0.99999999399999983662 0.00000000099999999875 0.00000000099999999875 
0.00000000099999999878 0.00000000099999999878 0.00000000099999999878 0.00000000099999999878 0.99999999399999983662 0.00000000099999999878 0.00000000099999999878 
0.00000000099999999939 0.00000000099999999939 0.00000000099999999939 0.00000000099999999939 0.99999999400000005867 0.00000000099999999939 0.00000000099999999939 
0.00000000099999999923 0.00000000099999999923 0.00000000099999999923 0.00000000099999999923 0.99999999399999994765 0.00000000099999999923 0.00000000099999999923 
0.00000000099999999966 0.00000000099999999966 0.00000000099999999966 0.00000000099999999966 0.99999999400000005867 0.00000000099999999966 0.00000000099999999966 
0.00000000099999999916 0.00000000099999999916 0.00000000099999999916 0.00000000099999999916 0.99999999399999994765 0.00000000099999999916 0.00000000099999999916 
0.00000000099999999895 0.00000000099999999895 0.00000000099999999895 0.00000000099999999895 0.99999999399999983662 0.00000000099999999895 0.00000000099999999895 
0.00000000099999999895 0.00000000099999999895 0.00000000099999999895 0.00000000099999999895 0.99999999399999994765 0.00000000099999999895 0.00000000099999999895 
0.00000000099999999874 0.00000000099999999874 0.00000000099999999874 0.00000000099999999874 0.99999999399999983662 0.00000000099999999874 0.00000000099999999874 
0.00000000099999999881 0.00000000099999999881 0.00000000099999999881 0.00000000099999999881 0.99999999399999983662 0.00000000099999999881 0.00000000099999999881 
0.00000000099999999880 0.00000000099999999880 0.00000000099999999880 0.00000000099999999880 0.99999999399999994765 0.00000000099999999880 0.00000000099999999880 
0.00000000099999999988 0.00000000099999999988 0.67371523297302560174 0.06666201006384196714 0.00554276874909071307 0.25407998521404168146 0.00000000099999999988 
0.07078577464112827122 0.00000000099999999993 0.19346340845540968556 0.20723505515076903749 0.00000000099999999993 0.52851575875269285465 0.00000000099999999993 
0.12789660325964857801 0.00000000099999999997 0.23094405461341097063 0.23236340720475176513 0.03983403187364455839 0.36672073694994028470 0.00224116509860366455 
0.10280423243816549927 0.00000000099999999996 0.20178004970635343707 0.24023337194567534469 0.00001720444970221543 0.45516513946010345171 0.00000000099999999996 
0.00000000099999999957 0.00000000099999999957 0.00000000099999999957 0.00000000099999999957 0.00000000099999999957 0.99999999399999994765 0.00000000099999999957 
0.00000000099999999961 0.00000000099999999961 0.00000000099999999961 0.00000000099999999961 0.00000000099999999961 0.99999999399999994765 0.00000000099999999961 
0.00000000099999999992 0.00000000099999999992 0.66726173315705072930 0.02798500461686743990 0.04297052863195469086 0.26007241413496678950 0.00171031745916030986 
0.00000000099999999961 0.00000000099999999961 0.00000000099999999961 0.00000000099999999961 0.00000000099999999961 0.99999999399999994765 0.00000000099999999961 
0.00000000099999999962 0.00000000099999999962 0.00000000099999999962 0.00000000099999999962 0.00000000099999999962 0.99999999400000005867 0.00000000099999999962 
0.47221057041464525872 0.05558591777977039267 0.04168356926617102637 0.05959466726627946076 0.04535025037379897261 0.30457954893454081136 0.02099547596479406711 
0.31491281255926023563 0.02430221665495431449 0.00000000099999999996 0.49270927998230812372 0.00000000099999999996 0.07585029587467129186 0.09222539292880614636 
0.35619757614934161039 0.02485121163981692319 0.00000000099999999997 0.51993757339646995419 0.00000000099999999997 0.06602178577959574857 0.03299185103477581676 
0.36214423805841972070 0.02371103310742193188 0.00714366661901110964 0.51633313241829936757 0.02550398743456776599 0.01783099870241663248 0.04733294365986355501 
0.45810662661200451939 0.02723959407765186649 0.00000000099999999995 0.25202717506843380635 0.02056054886309493027 0.24206605337881464957 0.00000000099999999995 
0.32292266309863359997 0.01505520019117524699 0.00390603997900391053 0.42414962000444017542 0.00000000099999999997 0.18799206466227758039 0.04597441106446951281 
0.45550082880060960289 0.02701188366200030916 0.02047354754348773218 0.29512418339435170234 0.00000000099999999998 0.19192862238421154464 0.00996093321533911454 
0.43004734184355586368 0.01890231006869873623 0.00000000099999999999 0.16934799343526710236 0.00439981696773944150 0.37730253568473876014 0.00000000099999999999 
0.41307629998003347893 0.02867020689736480069 0.00000000100000000000 0.38491794793155276189 0.00097998466716370486 0.15129804507405275604 0.02105751444983247275 
0.17891364733428183342 0.00922313409339160784 0.00000000099999999998 0.45247886973990125714 0.00724715638584135392 0.32924090811305883886 0.02289628333352515879 
0.19502454545918168627 0.00000000099999999998 0.00867781686756355190 0.21029254035790831412 0.14948342687739943346 0.42806370421042838625 0.00845796522751874648 
0.67770963822947161148 0.14737658208164236551 0.02656110133050468280 0.04750313281885599342 0.00000000100000000000 0.07625090864459539708 0.02459863589492986349 
0.69827617935837138496 0.10494387786676501184 0.06139964506046530213 0.02714148622751295231 0.00000000099999999999 0.08209674850791372214 0.02614206197897164102 
0.69478977679319486871 0.13369700166646286688 0.03372583284775435009 0.01995159714974039863 0.00000000099999999999 0.08868662965663469400 0.02914916088621293325 
0.56880678618714242134 0.13202440527310391194 0.03020877537670049739 0.09586450561372397705 0.03141931597272944882 0.11721574610935381333 0.02446046546724596829 
0.56474707548459623929 0.13383670383241311197 0.02340374200353565262 0.08564783854734416002 0.01521564168884140082 0.15902891442732119964 0.01812008401594820267 
0.60811746598042215606 0.00000000099999999985 0.00000000099999999985 0.00000000099999999985 0.25660216649585143589 0.13528036352372652118 0.00000000099999999985 
0.55322233217250604831 0.00000000099999999986 0.13842172989723955379 0.00000000099999999986 0.15240535658299872446 0.15595057834725578605 0.00000000099999999986 
0.58498525911335419458 0.00000000099999999994 0.08939815181227191154 0.00906028476169301600 0.15018541611279301318 0.16501550305644552274 0.00135538414344256149 
0.64907966281261364472 0.00000000099999999983 0.01570670854044248221 0.00000000099999999983 0.20154332572288330416 0.13367029992406062600 0.00000000099999999983 
0.54808174757133498733 0.00000000099999999987 0.09137737667832418476 0.00000000099999999987 0.15918923159653983190 0.20135164115380110861 0.00000000099999999987 
0.59610514732780861547 0.00000000099999999990 0.23625505290062492891 0.00000000099999999990 0.15833496479481737329 0.00930483197674888962 0.00000000099999999990 
0.38938543674510067705 0.00000000099999999996 0.09193779688022406249 0.12577212851455027431 0.15240466939337216079 0.19934895619798365107 0.04115101126876927889 
0.65454805885007905086 0.00000000099999999988 0.30073440216802360681 0.00000000099999999988 0.00000000099999999988 0.00000000099999999988 0.04471753498189749015 
0.52323856495133758138 0.00715438909438671083 0.25664766663812987879 0.03026901509269343260 0.06268517436151706257 0.11369900254047794752 0.00630618732145744702 
0.63093927179648801040 0.00000000099999999990 0.33691893679072726364 0.00000000099999999990 0.02299049600323538681 0.00000000099999999990 0.00915129240954929563 
0.29537037784586639422 0.00000000099999999999 0.08816671275716279899 0.59330230251122983987 0.00000000099999999999 0.01535993745203085258 0.00780066743371025419 
0.23359161371142128649 0.00000000099999999999 0.08071164693862888095 0.11979477302718323506 0.10133861227002644023 0.45903058110223415866 0.00553277195050589417 
0.19940002871457812583 0.00000000099999999994 0.00000000099999999994 0.11783748667655354059 0.05548452201580223592 0.62727795959306609230 0.00000000099999999994 
0.27761980274304703942 0.00931585274481164065 0.00358470268251509993 0.16171810713808451587 0.02251585480079209070 0.52524567889074957883 0.00000000099999999999 
0.24562669837547171370 0.02162093448208174395 0.00000000099999999997 0.16518815561585445395 0.07246747418672373764 0.49509673533986814364 0.00000000099999999997 
0.52186151185171747446 0.02997283271442911096 0.07434666422592726975 0.09416869011861868366 0.00000000099999999997 0.27379136067537568344 0.00585893941393177131 
0.47459640932266206059 0.01888271091914469832 0.03561531442738388731 0.06577191356017621227 0.02749182749614024340 0.37764182327449280496 0.00000000100000000000 
0.60513994672075321901 0.00000000099999999989 0.00000000099999999989 0.08071778654861309910 0.00000000099999999989 0.31414226273063372563 0.00000000099999999989 
0.55694306407921878588 0.01719042159464816838 0.00000000099999999992 0.04955865070965709274 0.00000000099999999992 0.37630786061647586438 0.00000000099999999992 
0.37447586475292338193 0.02334223090156248986 0.00725230704988073620 0.15070630665485201805 0.02856913793321719242 0.40084847664384037902 0.01480567606372391702 
0.66063936435534287295 0.03105750421044470647 0.08833481419581409866 0.05897117735090950247 0.00484382699174577217 0.11225745252912493199 0.04389586036661809187 
0.17042869203358504415 0.00000000099999999997 0.00000000099999999997 0.02621331707674940531 0.03913059510753760101 0.74670627331888772549 0.01752112046324019734 
0.53630724175073651860 0.03213102345687453287 0.00000000099999999997 0.04971372321230833197 0.02764338940382202875 0.35420460448925389363 0.00000001668700490121 
0.43673774231290096726 0.02021245454789157014 0.00534657778825668555 0.06975564563804155516 0.05623246002099686197 0.33116461723762147251 0.08055050245429083711 
0.43192180009244868222 0.03144131142579697363 0.08772625726626147313 0.10068788819472324070 0.08331167112836299071 0.23717476913500928903 0.02773630275739738874 
0.19211394853227534152 0.00000000099999999999 0.01663543377138040902 0.14814834084446809603 0.13199967816392665920 0.48867907420509559824 0.02242352348285387570 
0.50238869886657477881 0.03361218367765486659 0.00000000099999999995 0.12959384549935273889 0.02165965820725403168 0.31274561174916359896 0.00000000099999999995 
0.45925518956442329399 0.01751509096569286647 0.00000000099999999997 0.07902598455356960039 0.03646952259659261286 0.39371618899699034611 0.01401802232273125816 
0.51162317649139776865 0.00744283827947990560 0.00000000099999999997 0.09561697273448752088 0.02305077372705226918 0.36226623676758246129 0.00000000099999999997 
0.37320457495430570116 0.00264499901108673210 0.11515180748746756123 0.00000000100000000000 0.02845049833859700922 0.46615551996322002193 0.01439259924532293108 
0.28963889466854214616 0.00688145384899042402 0.04096735498185976460 0.05226847948101204233 0.05023526942584625316 0.55856264108909703392 0.00144590650465238699 
0.19994434329905674819 0.01817403026500992100 0.02777112704792523631 0.33764983131108694536 0.04204921259027406821 0.37441145448664708839 0.00000000099999999999 
0.23093091402284315894 0.00000000099999999996 0.00000000099999999996 0.10281094031008890244 0.07536805217301495441 0.56387655518620338757 0.02701353630784969137 
0.25880115875800391301 0.01152158676957440800 0.04185869397440026424 0.08053775722885476995 0.03692308401099674703 0.55484634398014642809 0.01551137527802349397 
0.03460255890491752834 0.00000000099999999992 0.24259537231388331180 0.19099655075748109279 0.04465841637697406247 0.48714709964674407505 0.00000000099999999992 
0.44542101785711191164 0.01409518005465814836 0.03256148076676838865 0.42360286253435408543 0.00000000099999999996 0.00000003703696608120 0.08431942075014138560 
0.21563127210600660510 0.00000000099999999992 0.56386947752236515896 0.00372093564971306880 0.00000000099999999992 0.18665203438812566494 0.03012627833378943298 
0.10750500573918043978 0.00000000099999999992 0.53107497321582430860 0.07480370471080889649 0.00000000099999999992 0.26048650353122265733 0.02612981080296388273 
0.09490435426997528845 0.00000000099999999995 0.46231836341968357562 0.04499233548328632898 0.11474984300643531476 0.28303509610493055026 0.00000000671568915023 
0.39821378204619678476 0.00000000099999999991 0.32759560578719804091 0.08936430673751689924 0.08085354555779890318 0.10397275787128942848 0.00000000099999999991 
0.56076270753447843287 0.00000000099999999983 0.03007018913001522839 0.00000000099999999983 0.19128121943517015224 0.21788588090033625400 0.00000000099999999983 
0.49099278814742436383 0.00000000099999999990 0.07460103459436906448 0.04771776069919053676 0.18963792283422989393 0.19705049172478603103 0.00000000099999999990 
0.00000000099999999900 0.00000000099999999900 0.00000000099999999900 0.00000000099999999900 0.99999999399999994765 0.00000000099999999900 0.00000000099999999900 
0.00000000099999999901 0.00000000099999999901 0.00000000099999999901 0.00000000099999999901 0.99999999400000005867 0.00000000099999999901 0.00000000099999999901 
0.00000000099999999900 0.00000000099999999900 0.00000000099999999900 0.00000000099999999900 0.99999999399999994765 0.00000000099999999900 0.00000000099999999900 
0.56337108159837800958 0.07607655652620801123 0.01940404225770731364 0.21550100602788199722 0.02627090264512544487 0.07069182224354003674 0.02868458870115906528 
0.53932847960796659326 0.10558043187351764947 0.04344690601594244916 0.07461647525319002605 0.02556327161149806945 0.17899079228131276054 0.03247364335657250412 
0.55284285862986937143 0.11883211854779475447 0.04704888030520677777 0.08275099441100097764 0.02783231543992325391 0.15281528773011335276 0.01787754493609159875 
0.53147638534229812990 0.13023668835949092637 0.01337839506230278745 0.13492683685619108469 0.02539817504093589556 0.15633323490166128877 0.00825028443711984909 
0.75703957958072320977 0.12784543549805585383 0.00000000099999999998 0.00013113189776127519 0.02366055398582931485 0.07894581736007079409 0.01237748067755966783 
0.75191922016164247644 0.11364855283610980630 0.00000000099999999997 0.00041711982298192222 0.05079405596704304748 0.07310101818924343020 0.01012003202297943709 
0.00000000099999999884 0.99999999399999994765 0.00000000099999999884 0.00000000099999999884 0.00000000099999999884 0.00000000099999999884 0.00000000099999999884 
0.00000000099999999865 0.99999999399999994765 0.00000000099999999865 0.00000000099999999865 0.00000000099999999865 0.00000000099999999865 0.00000000099999999865 
0.05616470251559083082 0.94383529248440911630 0.00000000099999999991 0.00000000099999999991 0.00000000099999999991 0.00000000099999999991 0.00000000099999999991 
0.00000000099999999897 0.99999999399999994765 0.00000000099999999897 0.00000000099999999897 0.00000000099999999897 0.00000000099999999897 0.00000000099999999897 
0.00000000099999999878 0.99999999399999994765 0.00000000099999999878 0.00000000099999999878 0.00000000099999999878 0.00000000099999999878 0.00000000099999999878 
0.00000000099999999847 0.99999999400000005867 0.00000000099999999847 0.00000000099999999847 0.00000000099999999847 0.00000000099999999847 0.00000000099999999847 
0.00000000099999999847 0.99999999399999994765 0.00000000099999999847 0.00000000099999999847 0.00000000099999999847 0.00000000099999999847 0.00000000099999999847 
0.37148792962034188347 0.05263802499068571950 0.01901760430570846941 0.48688932603555634682 0.00000000099999999998 0.06835717559322170012 0.00160993845448596622 
0.00000000099999999854 0.99999999400000005867 0.00000000099999999854 0.00000000099999999854 0.00000000099999999854 0.00000000099999999854 0.00000000099999999854 
0.00000000099999999863 0.99999999399999994765 0.00000000099999999863 0.00000000099999999863 0.00000000099999999863 0.00000000099999999863 0.00000000099999999863 
0.00000000099999999865 0.99999999400000005867 0.00000000099999999865 0.00000000099999999865 0.00000000099999999865 0.00000000099999999865 0.00000000099999999865 
0.00000000099999999875 0.99999999400000005867 0.00000000099999999875 0.00000000099999999875 0.00000000099999999875 0.00000000099999999875 0.00000000099999999875 
0.00000000099999999847 0.99999999400000005867 0.00000000099999999847 0.00000000099999999847 0.00000000099999999847 0.00000000099999999847 0.00000000099999999847 
0.00000000099999999851 0.99999999399999994765 0.00000000099999999851 0.00000000099999999851 0.00000000099999999851 0.00000000099999999851 0.00000000099999999851 
0.37429722635521339713 0.01732546133395204344 0.01873642613204652696 0.29702746737307622604 0.00800149268210074115 0.28461192512361088713 0.00000000100000000000 
0.32225495350102900671 0.02266411951915171807 0.00000000099999999999 0.56664280027097224668 0.01785117134485907781 0.02644257124691645061 0.04414438311707140350 
0.43506451352514463604 0.01844453029675311578 0.01742056411857114198 0.40059843252319055074 0.00000000099999999995 0.00000000099999999995 0.12847195753634060855 
0.40467861201314725417 0.01122587130100506127 0.00000000099999999999 0.44610593484771787764 0.00000000099999999999 0.05381644118304784730 0.08417313865508201098 
0.32625117073915327337 0.02042161561022848293 0.06053725626076650324 0.29100135917141761732 0.00000000099999999999 0.29119448535697139979 0.01059411186146256602 
0.45383381876362532958 0.01310016135559717229 0.01580258713016553448 0.35280161987499203402 0.00000000099999999995 0.00000000099999999995 0.16446181087562003476 
0.40269314138345696508 0.00534940900140277401 0.00503890326908855695 0.45360934412059189524 0.00000000099999999994 0.00000000099999999994 0.13330920022545977854 
0.47548840154421351256 0.01943105675471498359 0.00977220845539275226 0.38966319941151977835 0.00000000099999999998 0.00000000099999999998 0.10564513183415892572 
0.44251013188442583912 0.01565762503696684071 0.03142760182035229249 0.34188151362532237520 0.00000000099999999999 0.06474679514661013657 0.10377633148632248172 
0.56462550714773995786 0.01133440239805300412 0.00816175510585103077 0.26631107922125946130 0.01679724338773539924 0.00000000099999999997 0.13277001173936137102 
0.46787522901010086818 0.01170742365218246928 0.00999115534969405132 0.36180312209613424423 0.00000000099999999997 0.00000000099999999997 0.14862306789188853284 
0.56583015360542354699 0.01133774361824485197 0.00716140736972283726 0.26464413877735398772 0.01668555838537745875 0.00000000099999999997 0.13434099724387732477 
0.21002956161464911289 0.02709476372277892439 0.00000000099999999998 0.66640059540819329698 0.03377545615428335923 0.04098685449335416620 0.02171276760674123799 
0.21755383645472278764 0.00837303650634739320 0.00649385192758971785 0.64206105176650940525 0.02139822154004191943 0.04335392274926533340 0.06076607905552343369 
0.17222389654152689409 0.00000000099999999990 0.00000000099999999990 0.12720451533746846007 0.11382748571455515718 0.58674409940644933759 0.00000000099999999990 
0.13919816479695557021 0.00152700937734745164 0.04299573104743019403 0.06072392639899823474 0.36216804298853694233 0.38604941454224567243 0.00733771084848597061 
0.12846976187599376540 0.00000000099999999994 0.00202179819706244709 0.06398222288896632248 0.18034030049891330849 0.62518591453906402489 0.00000000099999999994 
0.18985271053638402838 0.00560866316403743452 0.00000000099999999994 0.73807965742151937505 0.00000000099999999994 0.05248814179128961227 0.01397082508676955430 
0.17675508910658280226 0.00000000099999999994 0.00000000099999999994 0.74394700077546227490 0.00000000099999999994 0.05709606200525627756 0.02220184511269866767 
0.26474072297492978745 0.00285721606525366975 0.00000000099999999997 0.65057884530606213680 0.00000000099999999997 0.06275814097200566044 0.01906507268174866682 
0.20867371807671677986 0.01457773308400792285 0.00000000099999999995 0.76829495147504633934 0.00000000099999999995 0.00000000099999999995 0.00845359436422902892 
0.20477980204886134241 0.00729088092991405680 0.00000000099999999998 0.53917971185046853488 0.05489553461835470355 0.15856024865446108341 0.03529382089794023264 
0.09810152471836730559 0.00000000099999999994 0.00000000099999999994 0.82701396378076896809 0.00000000099999999994 0.06646920342151746430 0.00841530507934631564 
0.20942060423125757884 0.00660980689874658602 0.00000000099999999998 0.71192989037597176338 0.00000000099999999998 0.07203969549402400308 0.00000000099999999998 
0.10824791708768137510 0.00000000099999999997 0.00834038049384597593 0.27800571020219266849 0.01022093335049966203 0.59518505686578038194 0.00000000099999999997 
0.07219684918873020552 0.00000000099999999992 0.00000000099999999992 0.39996748415133731580 0.08773492442260240332 0.44010073923733000756 0.00000000099999999992 
0.00001861715164778030 0.00000000099999999985 0.00000000099999999985 0.00000000099999999985 0.03058097340559857297 0.96940040544275352108 0.00000000099999999985 
0.08224745393887880618 0.00000000099999999994 0.00000000099999999994 0.20748158919186560079 0.00000000099999999994 0.70009604578368644923 0.01017490808556902049 
0.11657681001232729490 0.00000000099999999987 0.00000000099999999987 0.68281035490351693618 0.01528755509375937481 0.18532527699039635927 0.00000000099999999987 
0.10518852839497543072 0.00000000099999999996 0.00414753465121353408 0.78307335797593080606 0.00000000099999999996 0.10759057597788029836 0.00000000099999999996 
0.20142889401458166643 0.00634409049080987379 0.00000000099999999998 0.66883932801534440316 0.00182728251060845781 0.12156040296865554262 0.00000000099999999998 
0.14966333387122179865 0.00000000099999999990 0.00000000099999999990 0.62323927339879436893 0.00266405627233482325 0.22443333345764904241 0.00000000099999999990 
0.00000000099999999944 0.00000000099999999944 0.00000000099999999944 0.00000000099999999944 0.00000000099999999944 0.99999999399999994765 0.00000000099999999944 
0.26482968456467442797 0.02540544372468278578 0.00248441835319045427 0.36927411718036839972 0.05907643703823279441 0.20660098393431308716 0.07232891520453799128 
0.35389337483681060359 0.02304996205236509513 0.01114850221315821094 0.51595740478060359013 0.00000000099999999997 0.00049733061295287914 0.09545342450410959634 
0.24918458887053296369 0.02975506342694547376 0.00000000099999999996 0.53607623887267674689 0.00000000099999999996 0.16350451951000016804 0.02147958731984468683 
0.34882133343644367018 0.01082440510586969544 0.00276520768687158608 0.43387630147754235876 0.01135994337727078314 0.09902206598672055882 0.09333074292928132676 
0.32983815522930759467 0.02017323207136347343 0.00000000099999999995 0.55549484329254406045 0.00000000099999999995 0.09449376640678500139 0.00000000099999999995 
0.16527135577765886265 0.00000000099999999994 0.00000000099999999994 0.49742138916435280072 0.09477733450141248572 0.22678455459790622384 0.01574536395866974955 
0.20409639134865464882 0.00570173809226031791 0.00548642239054079710 0.71823014827753262068 0.00197724370482589258 0.05420309549649831443 0.01030496068968723977 
0.47363288026719041479 0.02424569063103784380 0.00000000099999999999 0.29733360553999971243 0.00141571336053616329 0.09276757227967344366 0.11060453692156232974 
0.20004745901749984571 0.00000000099999999990 0.76919401554267485821 0.00000000099999999990 0.00000000099999999990 0.00000000099999999990 0.03075852143982548206 
0.00000000099999999855 0.00000000099999999855 0.99999999399999994765 0.00000000099999999855 0.00000000099999999855 0.00000000099999999855 0.00000000099999999855 
0.00000000099999999852 0.00000000099999999852 0.99999999399999983662 0.00000000099999999852 0.00000000099999999852 0.00000000099999999852 0.00000000099999999852 
0.14169627002874121691 0.00881726666941675015 0.12792923098080113964 0.03317056082246943455 0.23359154991592506745 0.44780141123198130559 0.00699371035066488188 
0.30943926111776337562 0.00000000099999999997 0.10358411895894718835 0.00000000099999999997 0.15223634426621296400 0.41620504863307117294 0.01853522502400525157 
0.50107338547481727886 0.00922183401280655610 0.16122907786034099131 0.09650270066042920813 0.02353491379784841339 0.11641673348026949919 0.09202135471348810158 
0.52022142492902545552 0.00000000099999999996 0.00000000099999999996 0.32025790373836160452 0.02468419027914079203 0.08718672134154761832 0.04764975771192444393 
0.52545960419409165620 0.00000000099999999994 0.00000000099999999994 0.31646057882614075929 0.02476097105658440004 0.08947503909016570056 0.04384380483301763415 
0.52587432632593622550 0.00000000099999999994 0.00000000099999999994 0.31986331475329587981 0.02593782949353902467 0.08651152181369527183 0.04181300561353371720 
0.34865419905875771889 0.02167106386782671062 0.00000000099999999993 0.44792193141362990350 0.00000000099999999993 0.01023941519317940474 0.17151338846660627024 
0.23840312243844155593 0.00321146870994714001 0.01874821954791550116 0.63561588160336091047 0.07377246410503651708 0.01868135391586100633 0.01156748967943739374 
0.11314773601908906242 0.00000000099999999995 0.00000000099999999995 0.85475475144523416215 0.03209750853567673590 0.00000000099999999995 0.00000000099999999995 
0.33078101488743200109 0.00000000099999999992 0.00000000099999999992 0.58930786667740275853 0.03644871667330097653 0.04346239876186418910 0.00000000099999999992 
0.22100074115529722008 0.01219136642661208282 0.00000000099999999999 0.71609771306888003739 0.00083624307271392068 0.03605272127508191843 0.01382121400141505044 
0.20845660813542635226 0.02906252374116107332 0.00689011198476637693 0.72075336469742101730 0.01446197283715820736 0.02037541760406692132 0.00000000099999999999 
0.21176222090881408056 0.00259498189386466816 0.00000000099999999995 0.60979272184345734154 0.00000000099999999995 0.13540074500019966264 0.04044932835366431279 
0.19359604301293817374 0.01673959498494313053 0.00000000099999999997 0.65815408211965986673 0.03465285447208263370 0.06910930635266408772 0.02774811805771195891 
0.32552994588285061317 0.01848131975274186142 0.00000000099999999998 0.61696600335843310159 0.01694522412064265043 0.01592038475739238068 0.00615712112793950252 
0.00000000099999999980 0.00000000099999999980 0.00000000099999999980 0.99999999399999994765 0.00000000099999999980 0.00000000099999999980 0.00000000099999999980 
0.00000000099999999970 0.00000000099999999970 0.00000000099999999970 0.99999999400000005867 0.00000000099999999970 0.00000000099999999970 0.00000000099999999970 
0.00000000099999999968 0.00000000099999999968 0.00000000099999999968 0.99999999399999994765 0.00000000099999999968 0.00000000099999999968 0.00000000099999999968 
0.00000000099999999991 0.00995697980600385862 0.00000000099999999991 0.98799895512877189407 0.00000000099999999991 0.00000000099999999991 0.00204406106522417438 
0.00000000099999999924 0.00000000099999999924 0.00000000099999999924 0.99999999400000005867 0.00000000099999999924 0.00000000099999999924 0.00000000099999999924 
0.01409894898720796645 0.00000000099999999992 0.00000000099999999992 0.93777790155350715384 0.00000000099999999992 0.04812314545928481069 0.00000000099999999992 
0.00000000099999999981 0.00000000099999999981 0.00000000099999999981 0.87511843236814657043 0.00000000099999999981 0.12488156263185334893 0.00000000099999999981 
0.00000000099999999992 0.00000000099999999992 0.00000000099999999992 0.81387250312569781041 0.00000000099999999992 0.18612749187430199793 0.00000000099999999992 
0.18393011731107150597 0.00000000099999999999 0.03635570959836922217 0.69211962902929347052 0.00136115569963182162 0.03190614239757794818 0.05432724496405584580 
0.00000000099999999931 0.00000000099999999931 0.00000000099999999931 0.99999999400000005867 0.00000000099999999931 0.00000000099999999931 0.00000000099999999931 
0.00000000099999999982 0.00000000099999999982 0.00000000099999999982 0.89748279143840981043 0.04288631606003446423 0.05963088850155567888 0.00000000099999999982 
0.01001949474460806129 0.00000000099999999994 0.00000000099999999994 0.80553932388917914853 0.00000000099999999994 0.16140068067736138002 0.02304049768885144817 
0.00939442306169664329 0.00000000099999999996 0.00000000099999999996 0.80082868936293361006 0.00000000099999999996 0.16865195433818175319 0.02112493023718796034 
0.66679067615151643711 0.00000000099999999983 0.29072836227853249280 0.00000000099999999983 0.02514781497666908686 0.00000000099999999983 0.01733314359328199869 
0.39031211632606682693 0.03118041330609478204 0.04800333057240604995 0.37134689722129993195 0.03178174549326878706 0.04217859651148715000 0.08519690056937642697 
0.54237915927513180581 0.00000000099999999996 0.15223101286213999717 0.20744165800082331463 0.04918669769916474144 0.00000000099999999996 0.04876147016274010038 
0.54356071443959852463 0.00000000099999999996 0.30502480659928887796 0.04775368306530185236 0.04315824069834044152 0.06050255319747020050 0.00000000099999999996 
0.32606601749808306057 0.01379523471470713893 0.05016402631996804556 0.43702551213337959002 0.01973667517871890986 0.12272890959314473880 0.03048362456199855616 
0.58288313743827679936 0.00000000099999999998 0.29758390442891852201 0.05029421736215367728 0.04825345329422451451 0.01245334262706245670 0.00853194384936387974 
0.00000000099999999949 0.00000000099999999949 0.00000000099999999949 0.99999999400000005867 0.00000000099999999949 0.00000000099999999949 0.00000000099999999949 
0.00000000099999999967 0.00000000099999999967 0.00000000099999999967 0.92517933918014239048 0.00000000099999999967 0.07482065581985766767 0.00000000099999999967 
0.04931007261473969311 0.00000000099999999997 0.01031590254546549054 0.74703084657601348528 0.00000000099999999997 0.18288139877167000624 0.01046177749211134669 
0.00000000099999999931 0.00000000099999999931 0.00000000099999999931 0.99999999399999994765 0.00000000099999999931 0.00000000099999999931 0.00000000099999999931 
0.00000000099999999986 0.00000000099999999986 0.00000000099999999986 0.88419090070588013397 0.01945428971680973271 0.09635480557731002094 0.00000000099999999986 
0.00000000099999999955 0.00000000099999999955 0.00000000099999999955 0.99999999399999994765 0.00000000099999999955 0.00000000099999999955 0.00000000099999999955 
0.20888602436942491081 0.00000000099999999999 0.02409551934141924978 0.68582157440696622785 0.00494246444278322906 0.06916291588133512136 0.00709150055807114717 
0.00000000099999999965 0.00000000099999999965 0.00000000099999999965 0.92198195003817795534 0.00000000099999999965 0.07801804496182207505 0.00000000099999999965 
0.00000000099999999954 0.00000000099999999954 0.00000000099999999954 0.99999999400000005867 0.00000000099999999954 0.00000000099999999954 0.00000000099999999954 
0.00000000099999999931 0.00000000099999999931 0.00000000099999999931 0.99999999399999994765 0.00000000099999999931 0.00000000099999999931 0.00000000099999999931 
0.29302547268736922614 0.00135887220379212565 0.00573376928866504900 0.55966029050985532933 0.06233329803245236250 0.05730488599262072852 0.02058341128524527469 
0.35162374386947042870 0.02841590131737291997 0.00000000099999999999 0.58647504836386454841 0.00485542383019121546 0.02185154733211081696 0.00677833428699006063 
0.28329210982857433443 0.00498722955503970184 0.00289594833172265170 0.60479768922230381367 0.00000000099999999999 0.05478142782437590841 0.04924559423798352542 
0.32275102541317163274 0.02347393754132317059 0.00000000099999999998 0.49054343899582630861 0.00137548052767651782 0.12252140579730366743 0.03933471072469860164 
0.66195198014915335172 0.00000000099999999995 0.18950615788011312968 0.06316149307204536878 0.05490978177252349435 0.00000000099999999995 0.03047058512616466000 
0.40349466123618044078 0.00000000099999999998 0.17044309775987220856 0.25634771855219518066 0.00000000099999999998 0.12764175909429270606 0.04207276135745958989 
0.35939284956903472246 0.00000000099999999996 0.11180557070608783399 0.25821873273971240881 0.02624950364295408275 0.21893278146786887550 0.02540056087434208396 
0.70134525589511098609 0.00000000099999999967 0.29865473910488898879 0.00000000099999999967 0.00000000099999999967 0.00000000099999999967 0.00000000099999999967 
0.47514295946462697939 0.00000000099999999990 0.19041586943049998437 0.26721436802430859059 0.04337900918523398403 0.00000000099999999990 0.02384779189533044533 
0.67137165904698348218 0.00000000099999999992 0.21488558817656519540 0.06402424785924014372 0.01407715660127665212 0.00000000099999999992 0.03564134631593450508 
0.73465906334359509788 0.00000000099999999974 0.26534093165640509904 0.00000000099999999974 0.00000000099999999974 0.00000000099999999974 0.00000000099999999974 
0.40295166973144963540 0.00000000099999999995 0.03960232207251779962 0.53522350628030446185 0.02222249891572810818 0.00000000099999999995 0.00000000099999999995 
0.66890800179040765805 0.00000000099999999968 0.33109199320959253887 0.00000000099999999968 0.00000000099999999968 0.00000000099999999968 0.00000000099999999968 
0.68494332533873436564 0.00000000099999999984 0.31505666966126583128 0.00000000099999999984 0.00000000099999999984 0.00000000099999999984 0.00000000099999999984 
0.00000000099999999932 0.00000000099999999932 0.00000000099999999932 0.99999999400000005867 0.00000000099999999932 0.00000000099999999932 0.00000000099999999932 
0.00000000099999999975 0.00000000099999999975 0.00000000099999999975 0.99999999400000005867 0.00000000099999999975 0.00000000099999999975 0.00000000099999999975 
0.67553409452784474176 0.00000000099999999989 0.27878486983510658570 0.00000000099999999989 0.00379944211783447318 0.00000000099999999989 0.04188159051921440390 
0.76178333130909015036 0.00000000099999999982 0.23821666369091001880 0.00000000099999999982 0.00000000099999999982 0.00000000099999999982 0.00000000099999999982 
0.00000000099999999932 0.00000000099999999932 0.00000000099999999932 0.00000000099999999932 0.00000000099999999932 0.99999999400000005867 0.00000000099999999932 
0.00000000099999999994 0.00000000099999999994 0.00000000099999999994 0.60039697676075498567 0.07127306651410883487 0.32832995272513604279 0.00000000099999999994 
0.07861718377741458430 0.00000000099999999993 0.00000000099999999993 0.79910066341635999088 0.00000000099999999993 0.12228214880622544081 0.00000000099999999993 
0.00000000099999999983 0.00000000099999999983 0.00000000099999999983 0.72585286019408445934 0.00000000099999999983 0.27414713480591557104 0.00000000099999999983 
0.00000000099999999983 0.00000000099999999983 0.00000000099999999983 0.72377472690235100661 0.00000000099999999983 0.27622526809764896827 0.00000000099999999983 
0.00000000099999999993 0.00000000099999999993 0.00000000099999999993 0.59985804171355838754 0.07717354663092805545 0.32296840765551343422 0.00000000099999999993 
0.00000000099999999939 0.00000000099999999939 0.00000000099999999939 0.00000000099999999939 0.00000000099999999939 0.99999999400000005867 0.00000000099999999939 
0.00000000099999999994 0.00000000099999999994 0.00000000099999999994 0.60464727724190947544 0.07473875111694926188 0.32061396764114119540 0.00000000099999999994 
0.00000000099999999993 0.00000000099999999993 0.00000000099999999993 0.16434859336120774542 0.12832043279316512896 0.70733096984562715548 0.00000000099999999993 
0.19732879484855039842 0.00000000099999999997 0.00000000099999999997 0.76290328015641017956 0.03976792099503942413 0.00000000099999999997 0.00000000099999999997 
0.04850041235941406764 0.00000000099999999990 0.00000000099999999990 0.65908919642319385712 0.00000000099999999990 0.29241038721739204265 0.00000000099999999990 
0.00000000099999999969 0.00000000099999999969 0.00000000099999999969 0.00000000099999999969 0.00000000099999999969 0.99999999400000005867 0.00000000099999999969 
0.00000000099999999932 0.00000000099999999932 0.00000000099999999932 0.00000000099999999932 0.00000000099999999932 0.99999999399999994765 0.00000000099999999932 
0.15598266846667599439 0.00000000099999999988 0.00000000099999999988 0.61107075725760229279 0.00000000099999999988 0.23294657027572182595 0.00000000099999999988 
0.00000000099999999954 0.00000000099999999954 0.00000000099999999954 0.00000000099999999954 0.00000000099999999954 0.99999999400000005867 0.00000000099999999954 
0.00000000099999999975 0.00000000099999999975 0.00000000099999999975 0.00000000099999999975 0.00000000099999999975 0.99999999400000005867 0.00000000099999999975 
0.19489859905896747549 0.00000000099999999996 0.00000000099999999996 0.30837035815873914402 0.03337653245291438003 0.46335450732937905061 0.00000000099999999996 
0.10904628249327458223 0.00000000099999999997 0.00418854497056070623 0.66957115278891143895 0.00041328793112979754 0.21678072981612359071 0.00000000099999999997 
0.07097154191873607243 0.00000000099999999992 0.00000000099999999992 0.78681902548494020433 0.00000000099999999992 0.14220942859632360045 0.00000000099999999992 
0.08578690108148188942 0.00000000099999999995 0.00000000099999999995 0.06571569129598482661 0.01186114835164803032 0.80573356591301703578 0.03090269135786818597 
0.00000000099999999949 0.00000000099999999949 0.00000000099999999949 0.00000000099999999949 0.00000000099999999949 0.99999999400000005867 0.00000000099999999949 
0.00000000099999999960 0.00000000099999999960 0.00000000099999999960 0.00000000099999999960 0.00000000099999999960 0.99999999400000005867 0.00000000099999999960 
0.00000000099999999949 0.00000000099999999949 0.00000000099999999949 0.00000000099999999949 0.00000000099999999949 0.99999999400000005867 0.00000000099999999949 
