0.99999999500000003039 0.00000000099999999917 0.00000000099999999917 0.00000000099999999917 0.00000000099999999917 0.00000000099999999917 
0.99999999500000003039 0.00000000099999999918 0.00000000099999999918 0.00000000099999999918 0.00000000099999999918 0.00000000099999999918 
0.99999999500000014141 0.00000000099999999917 0.00000000099999999917 0.00000000099999999917 0.00000000099999999917 0.00000000099999999917 
0.00287834353482199334 0.77053787643116711248 0.02836573523229116156 0.16558885754313529270 0.03262023893223413296 0.00000894832635042757 
0.27980824209136362368 0.30356337507181085922 0.30448377434400247799 0.02319195664110918972 0.04832982947437754195 0.04062282237733617907 
0.99999999500000003039 0.00000000099999999912 0.00000000099999999912 0.00000000099999999912 0.00000000099999999912 0.00000000099999999912 
0.99999999500000003039 0.00000000099999999911 0.00000000099999999911 0.00000000099999999911 0.00000000099999999911 0.00000000099999999911 
0.99999999500000014141 0.00000000099999999900 0.00000000099999999900 0.00000000099999999900 0.00000000099999999900 0.00000000099999999900 
0.99999999500000014141 0.00000000099999999919 0.00000000099999999919 0.00000000099999999919 0.00000000099999999919 0.00000000099999999919 
0.99999999500000003039 0.00000000099999999919 0.00000000099999999919 0.00000000099999999919 0.00000000099999999919 0.00000000099999999919 
0.99999999499999991937 0.00000000099999999893 0.00000000099999999893 0.00000000099999999893 0.00000000099999999893 0.00000000099999999893 
0.00000000099999999901 0.99999999500000003039 0.00000000099999999901 0.00000000099999999901 0.00000000099999999901 0.00000000099999999901 
0.00000000099999999900 0.99999999500000003039 0.00000000099999999900 0.00000000099999999900 0.00000000099999999900 0.00000000099999999900 
0.00000000099999999929 0.99999999500000014141 0.00000000099999999929 0.00000000099999999929 0.00000000099999999929 0.00000000099999999929 
0.00000000099999999903 0.99999999500000014141 0.00000000099999999903 0.00000000099999999903 0.00000000099999999903 0.00000000099999999903 
0.04829498935540078863 0.82862589748775716814 0.12307911015684218359 0.00000000099999999991 0.00000000099999999991 0.00000000099999999991 
0.00000000099999999894 0.99999999499999991937 0.00000000099999999894 0.00000000099999999894 0.00000000099999999894 0.00000000099999999894 
0.00000000099999999896 0.99999999500000003039 0.00000000099999999896 0.00000000099999999896 0.00000000099999999896 0.00000000099999999896 
0.00000000099999999947 0.99999999500000014141 0.00000000099999999947 0.00000000099999999947 0.00000000099999999947 0.00000000099999999947 
0.00000000099999999934 0.99999999500000014141 0.00000000099999999934 0.00000000099999999934 0.00000000099999999934 0.00000000099999999934 
0.00000000099999999970 0.99999999500000003039 0.00000000099999999970 0.00000000099999999970 0.00000000099999999970 0.00000000099999999970 
0.00000000099999999928 0.99999999500000014141 0.00000000099999999928 0.00000000099999999928 0.00000000099999999928 0.00000000099999999928 
0.00000000099999999911 0.99999999500000003039 0.00000000099999999911 0.00000000099999999911 0.00000000099999999911 0.00000000099999999911 
0.00000000099999999910 0.99999999500000003039 0.00000000099999999910 0.00000000099999999910 0.00000000099999999910 0.00000000099999999910 
0.00000000099999999893 0.99999999499999991937 0.00000000099999999893 0.00000000099999999893 0.00000000099999999893 0.00000000099999999893 
0.00000000099999999899 0.99999999500000003039 0.00000000099999999899 0.00000000099999999899 0.00000000099999999899 0.00000000099999999899 
0.00000000099999999897 0.99999999499999991937 0.00000000099999999897 0.00000000099999999897 0.00000000099999999897 0.00000000099999999897 
0.66637279909996716132 0.01463075972066755007 0.25612871013248683649 0.00000000099999999990 0.06286772904687852603 0.00000000099999999990 
0.19633571366917695888 0.00000000099999999992 0.57244612094751146092 0.00000000099999999992 0.23121816238331155402 0.00000000099999999992 
0.24448688399767054547 0.04396975304698527709 0.42652637277922028636 0.00000000099999999996 0.27542053109936187605 0.00959645807676209016 
0.20953697943720459018 0.00269455138330968250 0.50993334308150095602 0.00000000099999999996 0.27783512409798472031 0.00000000099999999996 
0.00000000099999999962 0.00000000099999999962 0.99999999500000003039 0.00000000099999999962 0.00000000099999999962 0.00000000099999999962 
0.00000000099999999965 0.00000000099999999965 0.99999999500000003039 0.00000000099999999965 0.00000000099999999965 0.00000000099999999965 
0.68194963917500872608 0.04518128929221134488 0.24448340514106006727 0.00000000099999999990 0.02838566439171984201 0.00000000099999999990 
0.00000000099999999966 0.00000000099999999966 0.99999999500000003039 0.00000000099999999966 0.00000000099999999966 0.00000000099999999966 
0.00000000099999999967 0.00000000099999999967 0.99999999500000003039 0.00000000099999999967 0.00000000099999999967 0.00000000099999999967 
0.11671916881948968259 0.06287894474072791562 0.47248259918514806666 0.08058483476449453120 0.19872406143946866330 0.06861039105067112676 
0.04790584800245774322 0.00000000099999999997 0.16449464941081828884 0.04025775796770775933 0.62459914521825510292 0.12274259840076105765 
0.03132749843443617677 0.00000000099999999999 0.17842070630232023665 0.04006207822482315412 0.66668943307080241745 0.08350028296761796698 
0.05302837664413766194 0.03829677644318264101 0.12660711867648172246 0.03784299295125422014 0.65327766589157609811 0.09094706939336764939 
0.01403250514690734287 0.03795717315730683106 0.42983566109337284500 0.05294322351150121397 0.41314452769559417700 0.05208690939531761266 
0.04004638829843004677 0.00000000099999999998 0.30780196977559864946 0.02715679807710108876 0.54502973710036339838 0.07996510574850684838 
0.09117059199117501234 0.00000000100000000000 0.36815408519779907470 0.04757984494914280216 0.44288246171087697345 0.05021301515100608931 
0.05909140824256427921 0.02264668263408267310 0.55058549333222439603 0.03462813496580518374 0.29565076544573543060 0.03739751537958796446 
0.06135455386205317108 0.01746705923317144402 0.29237744990739700235 0.04706562456919469867 0.52341289024970760746 0.05832242217847612847 
0.00631711111148052906 0.01475860813297489964 0.39644919639835213276 0.01410984907379738210 0.52521694254188877604 0.04314829274150632638 
0.03221992657024720652 0.15362512385120796754 0.53081208075841390670 0.00000000099999999999 0.25475173818115498525 0.02859112963897594492 
0.14186047896477183006 0.04401938892129443615 0.30272264740978499509 0.19325708114187264974 0.22877058181728129882 0.08936982174499481790 
0.18343602801909816846 0.01499769444353142404 0.32438101680519676462 0.14973419048598821113 0.23001782784784050029 0.09743324239834497136 
0.15348524542061650622 0.02347677450946271394 0.32211673709378696451 0.17920202208211394312 0.22238136305002090265 0.09933785784399890018 
0.12739523583957665376 0.04947436961160784491 0.30496635479135270064 0.16942994222659940595 0.26640936442725482447 0.08232473310360874375 
0.11604363279137462628 0.03277106246666483536 0.34536374708972905623 0.16882407957965331335 0.25652380717497452745 0.08047367089760372461 
0.14440089429170385737 0.27975355440230981197 0.44623639838951734138 0.00000000099999999999 0.09753531463473352758 0.03207383728173555243 
0.27554645473006184053 0.17496737111986265800 0.40859139994541260332 0.00000000099999999997 0.11467845240602581036 0.02621632079863692524 
0.21866212468819823389 0.16328874553000449765 0.40773404204079433111 0.00000000099999999998 0.15194271273174614345 0.05837237400925678749 
0.20114712526643740986 0.23321818397561072667 0.46192081290065684085 0.00502520850793713916 0.08455509928877344428 0.01413357006058444006 
0.23259561945706966335 0.18168219448070982436 0.46989424504476068334 0.00000000099999999998 0.06207138393427561601 0.05375655608318448409 
0.39455571158407948262 0.19097741346903987503 0.23617155002416828635 0.00000000099999999999 0.13241442595515157121 0.04588089796756080613 
0.16364963921724245965 0.16033244400651497363 0.35511443699083611314 0.00000000099999999998 0.24549757846786493531 0.07540590031754164368 
0.47738917002402930789 0.04575319338888965415 0.19272928820134196948 0.01895896006621552651 0.11559757254447489139 0.14957181577504863323 
0.38359685391088221840 0.09108366601984159427 0.26694235500558555207 0.02677321321958693601 0.16303965807372985952 0.06856425377037385360 
0.49770135370398488339 0.10108027033309621712 0.12058806107239325445 0.03104152431546172014 0.13547486796646787677 0.11411392260859609671 
0.14819381554593363814 0.00000000100000000000 0.08009015974079242151 0.01551900490059053388 0.70738266108645542207 0.04881435772622794156 
0.11499836020879053433 0.11106496414734219613 0.55838230616365214232 0.00398548284661803115 0.18932600520408163214 0.02224288142951560965 
0.00432257084825906062 0.07701233366535269187 0.72213034296681022361 0.00050966446474678365 0.18605713791630601461 0.00996795013852526043 
0.05068997651792560288 0.03333481892624736570 0.64491926398926979758 0.01541430755176215021 0.23772627907698729022 0.01791535393780781943 
0.01358579502666326828 0.08454222444650205670 0.60693209238843370823 0.02958633969417828746 0.24276149523989448697 0.02259205320432828429 
0.15039354433924551069 0.00000000099999999999 0.48614382584031562429 0.06054148428184385339 0.24471917703479736939 0.05820196750379784401 
0.11792481094148020426 0.03422760431468179626 0.58370858600864772292 0.04290025420503309345 0.18077820372243671998 0.04046054080772058803 
0.07524621888146267035 0.00000000099999999998 0.59767445339401537030 0.03363389726344961916 0.26779624807209279069 0.02564918138897945635 
0.05833387343740520370 0.00000000100000000000 0.64203515054135784634 0.05132216180819222651 0.20825363479109915144 0.04005517842194560724 
0.05851742817919989431 0.04014502347640374474 0.56820423333725356141 0.03742330013210425771 0.24841881450730066150 0.04729120036773790114 
0.21169180593474554164 0.03808830127997916287 0.32267104569764948341 0.06084779330986711532 0.24203950281564337588 0.12466155096211524456 
0.00307547809671993716 0.05761319087341101874 0.83617289030258012961 0.00029819202952496230 0.07384086589809939205 0.02899938279966462681 
0.05721394943509663239 0.04587392664530502706 0.57393949361953255917 0.06199254234487832499 0.20591304853586356316 0.05506703941932402507 
0.06958804298298239266 0.07423772575136955432 0.48994764985097805088 0.04079254803487866732 0.20108725440191330125 0.12434677897787813072 
0.17871862699682897202 0.09850742576308209320 0.37630646236731346566 0.05005067696766631741 0.22144651536306864115 0.07497029254204057303 
0.04660324941580489683 0.14100548161299511496 0.56668920348781637308 0.00044309750723434848 0.20819234715278325809 0.03706662082336594638 
0.04011264569190847729 0.04406885401890085069 0.51872388496438370797 0.06599434153014317739 0.29209491065761805650 0.03900536313704577873 
0.03711235939613835577 0.05698197892680777199 0.58553532123625473549 0.03721098110949741522 0.22630659161803265422 0.05685276771326912282 
0.06913211924142123599 0.03489816660074172155 0.57861167877328012477 0.03159531604626908408 0.24961441835720615812 0.03614830098108183509 
0.19529918385568434402 0.04678377418986739283 0.60351109364600730167 0.01657283436168000348 0.09123509494144187160 0.04659801900531920782 
0.07721967425424577924 0.06405798961226188970 0.68574269980577040595 0.01178245980550452279 0.13290187342325962550 0.02829530309895772477 
0.04974584487832756780 0.04895787875730993333 0.45856524542765669805 0.02035810695329010739 0.41544355030207280599 0.00692937368134293602 
0.03601807007500996277 0.09480637170767648725 0.66136817987996465718 0.00000000099999999997 0.16319641504263598941 0.04461096229471296637 
0.07707571246963405842 0.04656991284466406589 0.67120578180085765929 0.01542536582779576414 0.15728600532003900181 0.03243722173700930994 
0.23957800639418144750 0.04765375719706976126 0.51456432875294544349 0.00000000099999999991 0.19820390565580331410 0.00000000099999999991 
0.11436530751746781798 0.00000000099999999998 0.12997377183672961798 0.03014712276727006535 0.58264962416588705896 0.14286417271264553741 
0.61931001674819985414 0.00000000099999999992 0.27606417487816409251 0.00000000099999999992 0.05771254800489319242 0.04691325836874281341 
0.55868697529230149090 0.00000000099999999992 0.30970770320377438711 0.00000000099999999992 0.09702265529268973288 0.03458266421123461221 
0.48032441315963114725 0.12040103380011017709 0.32145493581653838966 0.00000000099999999995 0.07229778211907528229 0.00552183410464483337 
0.41239038240026792970 0.09205511503098702530 0.25044272988293769799 0.00000000099999999996 0.22720941939229288842 0.01790235229351432381 
0.16293010673318472636 0.21768787415353604842 0.53789998770700830910 0.00000000099999999997 0.04697333100965396524 0.03450869939661711794 
0.18928203143791974550 0.20200910373346969706 0.41608965154002780507 0.00000000099999999998 0.18370312915557793221 0.00891608313300474090 
0.00000000099999999915 0.99999999500000003039 0.00000000099999999915 0.00000000099999999915 0.00000000099999999915 0.00000000099999999915 
0.00000000099999999916 0.99999999500000014141 0.00000000099999999916 0.00000000099999999916 0.00000000099999999916 0.00000000099999999916 
0.00000000099999999915 0.99999999500000014141 0.00000000099999999915 0.00000000099999999915 0.00000000099999999915 0.00000000099999999915 
0.10777331635174706992 0.04492550260248742017 0.26205342851348012445 0.11073007165132797702 0.38919998454386695030 0.08531769633709050671 
0.13352899342635027313 0.04702399121697967144 0.35805545987713971456 0.13651348762462017783 0.23568129152825828543 0.08919677632665191924 
0.12944703718300459849 0.05017555020632868262 0.33890023380076611526 0.15233770127089243940 0.25928431802538953743 0.06985515951361867537 
0.09752100665510073096 0.04569988644747283862 0.33260632040346066463 0.16089465993322252246 0.30546496784233212463 0.05781315871841104931 
0.10038970074927230924 0.05310305880806687889 0.33929161863643753083 0.17385310233707856886 0.24446439885866719233 0.08889812061047762393 
0.08839609955430496879 0.07866535854382385173 0.33382345127229851034 0.15862855728398433941 0.25161495137872347261 0.08887158196686498202 
0.00000000099999999903 0.00000000099999999903 0.00000000099999999903 0.99999999499999991937 0.00000000099999999903 0.00000000099999999903 
0.00000000099999999887 0.00000000099999999887 0.00000000099999999887 0.99999999499999991937 0.00000000099999999887 0.00000000099999999887 
0.00020284365958966617 0.00000000100000000000 0.01860931013426782299 0.95761393749646450679 0.00120363628653222103 0.02237027142314565453 
0.00000000099999999912 0.00000000099999999912 0.00000000099999999912 0.99999999500000003039 0.00000000099999999912 0.00000000099999999912 
0.00000000099999999898 0.00000000099999999898 0.00000000099999999898 0.99999999499999991937 0.00000000099999999898 0.00000000099999999898 
0.00000000099999999873 0.00000000099999999873 0.00000000099999999873 0.99999999499999980834 0.00000000099999999873 0.00000000099999999873 
0.00000000099999999873 0.00000000099999999873 0.00000000099999999873 0.99999999499999980834 0.00000000099999999873 0.00000000099999999873 
0.07519207155396540054 0.00000000100000000000 0.17937671391410342503 0.07090178495839714878 0.64039027098175482777 0.03413915759177918452 
0.00000000099999999878 0.00000000099999999878 0.00000000099999999878 0.99999999499999980834 0.00000000099999999878 0.00000000099999999878 
0.00000000099999999886 0.00000000099999999886 0.00000000099999999886 0.99999999499999991937 0.00000000099999999886 0.00000000099999999886 
0.00000000099999999887 0.00000000099999999887 0.00000000099999999887 0.99999999499999980834 0.00000000099999999887 0.00000000099999999887 
0.00000000099999999896 0.00000000099999999896 0.00000000099999999896 0.99999999499999980834 0.00000000099999999896 0.00000000099999999896 
0.00000000099999999872 0.00000000099999999872 0.00000000099999999872 0.99999999499999991937 0.00000000099999999872 0.00000000099999999872 
0.00000000099999999876 0.00000000099999999876 0.00000000099999999876 0.99999999499999991937 0.00000000099999999876 0.00000000099999999876 
0.07687753005689006158 0.02658584498578988806 0.40635755298107978373 0.02916712005659828286 0.42467078632098304025 0.03634116559865901291 
0.04537125623095088212 0.02621754253007788776 0.10893361799139396340 0.03526720068827183391 0.70503302938303535896 0.07917735317627007385 
0.10717443290670491951 0.00000000099999999998 0.11297617866736969772 0.03572216596425438484 0.55683302759401964721 0.18729419386765147615 
0.05695325827061746560 0.01139056118970795811 0.15207110004029819605 0.02742851684985123800 0.61500454087558076299 0.13715202277394447639 
0.11292113808185219592 0.00647127998588168264 0.40161496229236692823 0.02813684358803586125 0.41085793543869658651 0.03999784061316668388 
0.09899524154876888915 0.00000000099999999997 0.10732727222015246704 0.03529925438991761422 0.53407197549366369760 0.22430625534749734640 
0.07758544843344490627 0.00000000099999999998 0.07968837858812424790 0.02260348606813879571 0.62938706747151140775 0.19073561843878067412 
0.08574583345854507044 0.00000000099999999999 0.12769037734324661937 0.04181525093798933723 0.57192915515888120837 0.17281938210133784839 
0.10644218767142626936 0.00000000099999999999 0.17467674576756608840 0.03592093208637013591 0.52114049951668983685 0.16181963395794765614 
0.11241821969426230021 0.05271808835263288445 0.10697466886324333291 0.04029257035937233722 0.47854145801281916528 0.20905499471767002850 
0.09896047178945457934 0.02198598660268247240 0.08788883361394014826 0.03151971016671599457 0.54818574131124531146 0.21145925651596145234 
0.11192856219530936124 0.05400998985574243655 0.10501646217753726753 0.04163611095353899477 0.47583810923073155408 0.21157076558714038583 
0.01158243500188348152 0.04354364392631634995 0.09857844328911656573 0.03366310408839116169 0.77037544849688344151 0.04225692519740902042 
0.03654963015879166000 0.03074815149413391915 0.09138340811889565651 0.01323146314262034669 0.74690310320110164799 0.08118424388445687201 
0.00252319584517844177 0.12209349381155761016 0.68569571969089859742 0.00000000099999999997 0.18968758865236523548 0.00000000099999999997 
0.06162944480441857192 0.36583493238775088852 0.45666468573182183999 0.00506503606262798285 0.09416543391703043053 0.01664046709635035037 
0.01517911808621055271 0.18601847634556550881 0.69647440317225017825 0.00000000099999999995 0.10232800039597382546 0.00000000099999999995 
0.00183978213807097619 0.00000000099999999998 0.10268751178853902095 0.01348064028581975361 0.84122125610831088860 0.04077080867925925861 
0.00000000099999999998 0.00000000099999999998 0.10522812924459917783 0.00644383505698113267 0.84201843275116994292 0.04630960094724968779 
0.01794846981366375951 0.00000000100000000000 0.13775317937694148140 0.00902386947731585558 0.79151943955051129453 0.04375504078156760429 
0.00582179173026937773 0.01219366392688521657 0.03537199142150012493 0.02316936908039671228 0.88935557685396215977 0.03408760698698638791 
0.01323181336936868346 0.06274933171644914154 0.22114348543603609687 0.01147888313563513382 0.63624322939847643976 0.05515325694403439005 
0.00000000099999999995 0.00000000099999999995 0.08651256650106121937 0.00000000099999999995 0.89591070158786467736 0.01757672891107404933 
0.01889679925570310337 0.00064065934199918062 0.12383943727499484300 0.01214395759736893246 0.82433068032508927114 0.02014846620484457562 
0.01842403794444962342 0.01935499310864675568 0.63559700037321498201 0.00000000099999999998 0.32662396657368863995 0.00000000099999999998 
0.00000000099999999992 0.08968769727710303175 0.46410400941684604170 0.00000000099999999992 0.44208863643747720040 0.00411965486857373761 
0.00000000099999999978 0.01152005902239340920 0.98847993697760661025 0.00000000099999999978 0.00000000099999999978 0.00000000099999999978 
0.00000000099999999996 0.00000000099999999996 0.74127184596563788777 0.00000000099999999996 0.24391474617208652731 0.01481340486227551885 
0.00000000099999999988 0.01826543507223217511 0.21822491483614531171 0.00000000099999999988 0.76350964709162238986 0.00000000099999999988 
0.00980727533201407320 0.00000000099999999997 0.12792923995805116633 0.00106561248856863072 0.86119787022136606858 0.00000000099999999997 
0.00330050097146892141 0.01192622914800948487 0.17706559013665740254 0.01181582368138639483 0.79160762361306569179 0.00428423244941214879 
0.00000000099999999992 0.00644348574337587614 0.27945358170046202817 0.00000000099999999992 0.71410292955616194721 0.00000000099999999992 
0.00000000099999999956 0.00000000099999999956 0.99999999499999991937 0.00000000099999999956 0.00000000099999999956 0.00000000099999999956 
0.03614576545983752554 0.06989589847133366451 0.29228820655118065153 0.03495045878117260252 0.46581957916313776469 0.10090009157333784673 
0.06367170919274350860 0.00000000099999999997 0.08666427718786604006 0.04021661784773122167 0.66764294718488437219 0.14180444758677482331 
0.02211990872352474422 0.00000000099999999999 0.23808694635934837813 0.04127427735355338606 0.64647110957518838514 0.05204775698838505493 
0.05968419837083914492 0.01822747294310244140 0.20781400947891826014 0.02476838347286906827 0.56076850955871249127 0.12873742617555858359 
0.03305312497184215853 0.00000000099999999998 0.20367909816724275029 0.03131208309802474554 0.69110820097127489969 0.04084749179161542565 
0.00000000099999999995 0.10375642766353415647 0.27139970238807931135 0.00000000099999999995 0.59444693615514865304 0.03039693179323777958 
0.03070072017515555057 0.00551677398039331947 0.10815537959256159295 0.00929657850463191590 0.82067688639593860955 0.02565366135131890574 
0.05015672978962387035 0.01090584845263303619 0.24442355634877332982 0.04876262341589217286 0.48192419514547180093 0.16382704684760587832 
0.86156094372605329657 0.00000000099999999993 0.01080152741764909240 0.00000000099999999993 0.07681838455217482320 0.05081914230412277328 
0.99999999500000003039 0.00000000099999999884 0.00000000099999999884 0.00000000099999999884 0.00000000099999999884 0.00000000099999999884 
0.99999999500000003039 0.00000000099999999882 0.00000000099999999882 0.00000000099999999882 0.00000000099999999882 0.00000000099999999882 
0.14843426659743283458 0.24050380106245161649 0.51834172906829867333 0.00957631042822939225 0.06685179539581193042 0.01629209744777540894 
0.17431797337651747104 0.16462509644228837113 0.55691182045969134240 0.00000000099999999999 0.05623138145555884454 0.04791372726594404080 
0.26911270327733927132 0.04436286579440423816 0.26884502558655976046 0.02722936934482184795 0.23072033425566790266 0.15972970174120690312 
0.04943950131970594603 0.05193709596670509354 0.27206274079259745724 0.00985657952812148998 0.49254455059077095758 0.12415953180209907125 
0.04925986204098400933 0.05248577869650652983 0.27690860572443831700 0.00406055755380472366 0.49316223141307802269 0.12412296457118830728 
0.05106285053898827059 0.05368882001251803343 0.27510618489921756513 0.00572652078648181254 0.49323953132591813464 0.12117609243687617326 
0.04215233729603395929 0.00000000099999999997 0.11697163212063345361 0.03646725705032578119 0.58343020587027438761 0.22097856666273241188 
0.04770431178784472620 0.07989415207201451541 0.07197806027612181634 0.00855916459665005853 0.76198236613243330861 0.02988194513493554194 
0.01265073935966498295 0.04090233234569859433 0.01437305671322023672 0.00000000099999999997 0.93207386958141613675 0.00000000099999999997 
0.02592258208788749893 0.05332351957583799512 0.15335131753730441018 0.00000000100000000000 0.75220462554509437414 0.01519795425387560420 
0.03173937308575741634 0.01000535268646445854 0.08724902071924692248 0.01820942382371366908 0.81870516095556566949 0.03409166872925193520 
0.03456590414405744799 0.02063018753610128958 0.07278334593840977973 0.03617966469773710447 0.81846784677066541924 0.01737305091302877164 
0.01377796430259464223 0.00000000099999999998 0.19951374743539201928 0.00996491686299979737 0.71071161084439815614 0.06603175955461551561 
0.00914968099169631392 0.04537881794644698513 0.12545888348259193190 0.02271571586289123160 0.75085914769028738736 0.04643775402608619346 
0.01768167896810365902 0.02941580898823912063 0.09839529424713115702 0.03602252015147158759 0.77309210686758778053 0.04539259077746661541 
0.00000000099999999976 0.00000000099999999976 0.00000000099999999976 0.00000000099999999976 0.99999999499999991937 0.00000000099999999976 
0.00000000099999999971 0.00000000099999999971 0.00000000099999999971 0.00000000099999999971 0.99999999499999991937 0.00000000099999999971 
0.00000000099999999970 0.00000000099999999970 0.00000000099999999970 0.00000000099999999970 0.99999999499999991937 0.00000000099999999970 
0.00000000099999999988 0.00000000099999999988 0.00000000099999999988 0.00864988280921809814 0.99135011319078181202 0.00000000099999999988 
0.00000000099999999942 0.00000000099999999942 0.00000000099999999942 0.00000000099999999942 0.99999999500000003039 0.00000000099999999942 
0.00000000099999999987 0.00000000099999999987 0.04094718956474224791 0.00000000099999999987 0.95905280643525780970 0.00000000099999999987 
0.00000000099999999984 0.00000000099999999984 0.11647454029338073778 0.00000000099999999984 0.88352545570661922270 0.00000000099999999984 
0.00000000099999999991 0.00000000099999999991 0.17816874784236297335 0.00000000099999999991 0.82183124815763686222 0.00000000099999999991 
0.07263466401299552289 0.01088828115513111421 0.07704467697298593432 0.00491469518244422223 0.76115751251874430583 0.07336017015769892569 
0.00000000099999999947 0.00000000099999999947 0.00000000099999999947 0.00000000099999999947 0.99999999499999991937 0.00000000099999999947 
0.00000000099999999981 0.05038435166012912581 0.03918400276608501043 0.00000000099999999981 0.91043164257378583759 0.00000000099999999981 
0.00000000099999999993 0.00000000099999999993 0.15640371078801737492 0.00000000099999999993 0.83368038368617947143 0.00991590252580313962 
0.00000000099999999995 0.00000000099999999995 0.16141672250598909644 0.00000000099999999995 0.83043954125640440100 0.00814373323760645557 
0.50149272277333900583 0.11261094258739474949 0.16022337168785635853 0.00580307464024204783 0.06876802755651040266 0.15110186075465734112 
0.12281519526664121111 0.04590966595375370329 0.14629203702976803503 0.04866419738672669859 0.51187272577843911936 0.12444617858467134364 
0.29954105280681980750 0.06456773458791607856 0.12740919586399135355 0.00480563365749814547 0.37395936461189221989 0.12971701847188227275 
0.45285981400116226414 0.08013977526915126715 0.20257442037325643081 0.00446315774586185376 0.19139252044037702305 0.06857031217019134151 
0.10577476169337733658 0.03164309895455976601 0.21295862216479788387 0.02470866404508826122 0.55895693783637212526 0.06595791530580469297 
0.45732158285776330908 0.08295724348945389404 0.16406944054551916845 0.01403247003089207016 0.19882278382188972587 0.08279647925448191392 
0.00000000099999999962 0.00000000099999999962 0.00000000099999999962 0.00000000099999999962 0.99999999500000003039 0.00000000099999999962 
0.00000000099999999975 0.00000000099999999975 0.06780432592219286236 0.00000000099999999975 0.93219567007780712586 0.00000000099999999975 
0.01045450363793338881 0.00000000099999999997 0.19579099687623216508 0.00000000099999999997 0.78215810525048379276 0.01159639223535062838 
0.00000000099999999947 0.00000000099999999947 0.00000000099999999947 0.00000000099999999947 0.99999999499999991937 0.00000000099999999947 
0.00000000099999999985 0.02561236385099168941 0.07349305310229539701 0.00000000099999999985 0.90089458004671296720 0.00000000099999999985 
0.00000000099999999961 0.00000000099999999961 0.00000000099999999961 0.00000000099999999961 0.99999999500000003039 0.00000000099999999961 
0.06305924721984527970 0.01544127165520110465 0.11636504589654939057 0.00632081835726744888 0.77145742165494446407 0.02735619521619229652 
0.00000000099999999974 0.00000000099999999974 0.07146393989098875910 0.00000000099999999974 0.92853605610901113199 0.00000000099999999974 
0.00000000099999999963 0.00000000099999999963 0.00000000099999999963 0.00000000099999999963 0.99999999500000003039 0.00000000099999999963 
0.00000000099999999947 0.00000000099999999947 0.00000000099999999947 0.00000000099999999947 0.99999999500000003039 0.00000000099999999947 
0.04823806964691772919 0.07377408105058282095 0.13984983414305801608 0.01602314420059952962 0.67456651503738229714 0.04754835592145962436 
0.03776614297898902434 0.01189758121061883049 0.12834683412589670271 0.04569636882401614808 0.73317058620375219480 0.04312248665672710479 
0.03764207491702655645 0.00000000100000000000 0.13688376164575313809 0.01704391312859004221 0.72593108253425109311 0.08249916677437907353 
0.03278331603335610245 0.01248159016900357750 0.22165364229017389675 0.03497987893892651884 0.62341545815053045487 0.07468611441800949990 
0.36358655832978964417 0.12668206056132663706 0.13163251689188976146 0.01221952892128149760 0.23551173735851371749 0.13036759793719879252 
0.25530979444241369558 0.00732128390120334940 0.26403368373279362258 0.01198787549785535617 0.37765825707932471067 0.08368910534640926213 
0.17935372862831303054 0.04483049462208168329 0.33088881692255334155 0.00000000099999999999 0.38080263023318827731 0.06412432859386370254 
0.54098448605716309423 0.08772213826108889168 0.14078700935444476983 0.00000000099999999998 0.08126467278282376028 0.14924169254447952615 
0.32301279893947310029 0.09486816216474065755 0.07241005178185856705 0.00000000099999999997 0.42585424685148137725 0.08385473926244638165 
0.41870118870856237736 0.05963868064386629309 0.16285594302816130963 0.00000000099999999999 0.22407682561137887145 0.13472736100803123227 
0.53291912186118139960 0.05385478561955565902 0.16185797716528216306 0.01069184286664983177 0.12566397013642971459 0.11501230235090126319 
0.13509851239848844062 0.04519004967929841909 0.06666466657386137251 0.00402409303265657305 0.71562383021964892649 0.03339884809604634630 
0.56742030299678392069 0.09339638245642069292 0.16971575471757321951 0.00751669313972268098 0.03715999504977030715 0.12479087163972925334 
0.52279181289506526653 0.05550102121445543712 0.17167032067183790600 0.00986943909631137449 0.14247513589304375281 0.09769227022928633763 
0.00000000099999999948 0.00000000099999999948 0.00000000099999999948 0.00000000099999999948 0.99999999499999991937 0.00000000099999999948 
0.00000000099999999977 0.00000000099999999977 0.00000000099999999977 0.00000000099999999977 0.99999999499999991937 0.00000000099999999977 
0.47825000277057255760 0.06989642820848442073 0.14559001805963781018 0.00000000099999999998 0.15986048984623860147 0.14640306011506656891 
0.47469400757535334945 0.07606774497410484503 0.15218829591592294981 0.00824230399122616308 0.19090223747040549473 0.09790541007298729503 
0.00000000099999999943 0.00000000099999999943 0.99999999499999991937 0.00000000099999999943 0.00000000099999999943 0.00000000099999999943 
0.00000000099999999993 0.07516634254048598640 0.31268718315454818724 0.00000000099999999993 0.61214647130496568916 0.00000000099999999993 
0.00000000099999999994 0.00000000099999999994 0.13559895609718486398 0.00000000099999999994 0.86440103990281502711 0.00000000099999999994 
0.00000000099999999985 0.00003747454797060203 0.25567216976629542069 0.00000000099999999985 0.74429035268573395800 0.00000000099999999985 
0.00000000099999999985 0.00000000099999999985 0.25658853831436834181 0.00000000099999999985 0.74341145768563154927 0.00000000099999999985 
0.00000000099999999992 0.08096960734052556508 0.30723285967937330465 0.00000000099999999992 0.61179752998010095144 0.00000000099999999992 
0.00000000099999999950 0.00000000099999999950 0.99999999500000003039 0.00000000099999999950 0.00000000099999999950 0.00000000099999999950 
0.00000000099999999992 0.07790760122492947082 0.30483402503425888197 0.00000000099999999992 0.61725837074081157940 0.00000000099999999992 
0.00000000099999999993 0.13541433291180965393 0.70581958204770856025 0.00000000099999999993 0.15876608204048175965 0.00000000099999999993 
0.02325816273738446835 0.05985616752271833568 0.00000000100000000000 0.00263490870899102869 0.89700486811801494191 0.01724589191289116821 
0.00000000099999999989 0.00000000099999999989 0.28752568557834329299 0.00000000099999999989 0.71247431042165654258 0.00000000099999999989 
0.00000000099999999977 0.00000000099999999977 0.99953733512907416703 0.00000000099999999977 0.00046266087092586332 0.00000000099999999977 
0.00000000099999999943 0.00000000099999999943 0.99999999499999991937 0.00000000099999999943 0.00000000099999999943 0.00000000099999999943 
0.00000000099999999991 0.00295539647861142772 0.29085073428068991541 0.00000000099999999991 0.70619386624069868663 0.00000000099999999991 
0.00000000099999999963 0.00000000099999999963 0.99999999500000003039 0.00000000099999999963 0.00000000099999999963 0.00000000099999999963 
0.00000000099999999975 0.00000000099999999975 0.99999999499999991937 0.00000000099999999975 0.00000000099999999975 0.00000000099999999975 
0.00000000100000000000 0.05196228490110484100 0.53988520714996757199 0.00442330802808411742 0.39264966945669083076 0.01107952946415266711 
0.01107283187297079634 0.01747313112563354809 0.23753816937292585032 0.00000000099999999997 0.72981102168152567344 0.00410484494694414188 
0.00000000099999999993 0.00000000099999999993 0.15234575749865050809 0.00000000099999999993 0.84765423850134946626 0.00000000099999999993 
0.00000000099999999994 0.02074882913275408192 0.86394139750486076412 0.00000000099999999994 0.08103484421201564980 0.03427492715036965787 
0.00000000099999999960 0.00000000099999999960 0.99999999500000003039 0.00000000099999999960 0.00000000099999999960 0.00000000099999999960 
0.00000000099999999968 0.00000000099999999968 0.99999999500000003039 0.00000000099999999968 0.00000000099999999968 0.00000000099999999968 
0.00000000099999999963 0.00000000099999999963 0.99999999499999991937 0.00000000099999999963 0.00000000099999999963 0.00000000099999999963 
0.00000000099999999971 0.00000000099999999971 0.99999999500000003039 0.00000000099999999971 0.00000000099999999971 0.00000000099999999971 
0.00000000099999999964 0.00000000099999999964 0.99999999499999991937 0.00000000099999999964 0.00000000099999999964 0.00000000099999999964 
0.00000000099999999992 0.00000000099999999992 0.91923899627168625948 0.00000000099999999992 0.08076099972831365936 0.00000000099999999992 
0.00000000099999999982 0.00000000099999999982 0.99999999500000003039 0.00000000099999999982 0.00000000099999999982 0.00000000099999999982 
0.00000000099999999952 0.00000000099999999952 0.99999999500000003039 0.00000000099999999952 0.00000000099999999952 0.00000000099999999952 
0.00000000099999999995 0.05755340365013208309 0.78334629919418519162 0.00000000099999999995 0.15910029415568274769 0.00000000099999999995 
0.00000000099999999901 0.00000000099999999901 0.00000000099999999901 0.00000000099999999901 0.00000000099999999901 0.99999999500000003039 
0.00000000099999999878 0.00000000099999999878 0.00000000099999999878 0.00000000099999999878 0.00000000099999999878 0.99999999500000003039 
0.00000000099999999888 0.00000000099999999888 0.00000000099999999888 0.00000000099999999888 0.00000000099999999888 0.99999999499999991937 
0.00000000099999999883 0.00000000099999999883 0.00000000099999999883 0.00000000099999999883 0.00000000099999999883 0.99999999499999991937 
0.00000000099999999887 0.00000000099999999887 0.00000000099999999887 0.00000000099999999887 0.00000000099999999887 0.99999999500000003039 
0.04457458921195112111 0.00212214948971852901 0.00000000099999999996 0.00000000099999999996 0.07876825580494915824 0.87453500349338131326 
0.00000000099999999901 0.00000000099999999901 0.00000000099999999901 0.00000000099999999901 0.00000000099999999901 0.99999999500000003039 
0.00000000099999999879 0.00000000099999999879 0.00000000099999999879 0.00000000099999999879 0.00000000099999999879 0.99999999499999991937 
0.00000000099999999887 0.00000000099999999887 0.00000000099999999887 0.00000000099999999887 0.00000000099999999887 0.99999999500000003039 
0.00000000099999999881 0.00000000099999999881 0.00000000099999999881 0.00000000099999999881 0.00000000099999999881 0.99999999499999991937 
0.99999999500000014141 0.00000000099999999929 0.00000000099999999929 0.00000000099999999929 0.00000000099999999929 0.00000000099999999929 
0.99999999500000014141 0.00000000099999999917 0.00000000099999999917 0.00000000099999999917 0.00000000099999999917 0.00000000099999999917 
0.99999999499999991937 0.00000000099999999892 0.00000000099999999892 0.00000000099999999892 0.00000000099999999892 0.00000000099999999892 
0.99999999500000003039 0.00000000099999999892 0.00000000099999999892 0.00000000099999999892 0.00000000099999999892 0.00000000099999999892 
0.99999999500000003039 0.00000000099999999891 0.00000000099999999891 0.00000000099999999891 0.00000000099999999891 0.00000000099999999891 
0.99999999500000003039 0.00000000099999999895 0.00000000099999999895 0.00000000099999999895 0.00000000099999999895 0.00000000099999999895 
0.99999999500000003039 0.00000000099999999896 0.00000000099999999896 0.00000000099999999896 0.00000000099999999896 0.00000000099999999896 
0.86181940557623670784 0.00000000099999999993 0.01118410688377547563 0.00000000099999999993 0.07721799653776258154 0.04977848900222525685 
