0.00000000099999999884 0.99999999300000008695 0.00000000099999999884 0.00000000099999999884 0.00000000099999999884 0.00000000099999999884 0.00000000099999999884 0.00000000099999999884 
0.00000000099999999886 0.99999999299999997593 0.00000000099999999886 0.00000000099999999886 0.00000000099999999886 0.00000000099999999886 0.00000000099999999886 0.00000000099999999886 
0.00000000099999999884 0.99999999299999997593 0.00000000099999999884 0.00000000099999999884 0.00000000099999999884 0.00000000099999999884 0.00000000099999999884 0.00000000099999999884 
0.00000892457973004281 0.00831062646921417597 0.01907536852707333863 0.76516990708016485723 0.00108561838038968416 0.15155975983492478432 0.03558564649653261219 0.01920414863197066405 
0.00311637973933600503 0.10674876466057008073 0.00774020372539026107 0.28000301330237176156 0.02964846807953699578 0.01651687595777219866 0.20401390115977896533 0.35221239337524390400 
0.00000000099999999874 0.99999999299999997593 0.00000000099999999874 0.00000000099999999874 0.00000000099999999874 0.00000000099999999874 0.00000000099999999874 0.00000000099999999874 
0.00000000099999999874 0.99999999299999997593 0.00000000099999999874 0.00000000099999999874 0.00000000099999999874 0.00000000099999999874 0.00000000099999999874 0.00000000099999999874 
0.00000000099999999859 0.99999999300000008695 0.00000000099999999859 0.00000000099999999859 0.00000000099999999859 0.00000000099999999859 0.00000000099999999859 0.00000000099999999859 
0.00000000099999999874 0.99999999299999997593 0.00000000099999999874 0.00000000099999999874 0.00000000099999999874 0.00000000099999999874 0.00000000099999999874 0.00000000099999999874 
0.00000000099999999875 0.99999999299999997593 0.00000000099999999875 0.00000000099999999875 0.00000000099999999875 0.00000000099999999875 0.00000000099999999875 0.00000000099999999875 
0.00000000099999999845 0.99999999300000008695 0.00000000099999999845 0.00000000099999999845 0.00000000099999999845 0.00000000099999999845 0.00000000099999999845 0.00000000099999999845 
0.00000000099999999865 0.00000000099999999865 0.00000000099999999865 0.99999999299999986491 0.00000000099999999865 0.00000000099999999865 0.00000000099999999865 0.00000000099999999865 
0.00000000099999999864 0.00000000099999999864 0.00000000099999999864 0.99999999299999997593 0.00000000099999999864 0.00000000099999999864 0.00000000099999999864 0.00000000099999999864 
0.00000000099999999905 0.00000000099999999905 0.00000000099999999905 0.99999999299999997593 0.00000000099999999905 0.00000000099999999905 0.00000000099999999905 0.00000000099999999905 
0.00000000099999999869 0.00000000099999999869 0.00000000099999999869 0.99999999299999986491 0.00000000099999999869 0.00000000099999999869 0.00000000099999999869 0.00000000099999999869 
0.00000000099999999980 0.00000000099999999980 0.00000000099999999980 0.81941419624604194816 0.00000000099999999980 0.00000000099999999980 0.03992392415734580952 0.14066187459661225190 
0.00000000099999999856 0.00000000099999999856 0.00000000099999999856 0.99999999299999986491 0.00000000099999999856 0.00000000099999999856 0.00000000099999999856 0.00000000099999999856 
0.00000000099999999858 0.00000000099999999858 0.00000000099999999858 0.99999999299999997593 0.00000000099999999858 0.00000000099999999858 0.00000000099999999858 0.00000000099999999858 
0.00000000099999999930 0.00000000099999999930 0.00000000099999999930 0.99999999299999997593 0.00000000099999999930 0.00000000099999999930 0.00000000099999999930 0.00000000099999999930 
0.00000000099999999910 0.00000000099999999910 0.00000000099999999910 0.99999999299999997593 0.00000000099999999910 0.00000000099999999910 0.00000000099999999910 0.00000000099999999910 
0.00000000099999999960 0.00000000099999999960 0.00000000099999999960 0.99999999300000008695 0.00000000099999999960 0.00000000099999999960 0.00000000099999999960 0.00000000099999999960 
0.00000000099999999904 0.00000000099999999904 0.00000000099999999904 0.99999999299999997593 0.00000000099999999904 0.00000000099999999904 0.00000000099999999904 0.00000000099999999904 
0.00000000099999999878 0.00000000099999999878 0.00000000099999999878 0.99999999299999997593 0.00000000099999999878 0.00000000099999999878 0.00000000099999999878 0.00000000099999999878 
0.00000000099999999879 0.00000000099999999879 0.00000000099999999879 0.99999999299999986491 0.00000000099999999879 0.00000000099999999879 0.00000000099999999879 0.00000000099999999879 
0.00000000099999999855 0.00000000099999999855 0.00000000099999999855 0.99999999299999986491 0.00000000099999999855 0.00000000099999999855 0.00000000099999999855 0.00000000099999999855 
0.00000000099999999862 0.00000000099999999862 0.00000000099999999862 0.99999999299999986491 0.00000000099999999862 0.00000000099999999862 0.00000000099999999862 0.00000000099999999862 
0.00000000099999999861 0.00000000099999999861 0.00000000099999999861 0.99999999299999997593 0.00000000099999999861 0.00000000099999999861 0.00000000099999999861 0.00000000099999999861 
0.00000000099999999985 0.67131090810969640259 0.08320499106923838484 0.00554033410622710269 0.01461719283189401482 0.00000000099999999985 0.22532657088294411052 0.00000000099999999985 
0.00000000099999999990 0.19667923998659775364 0.25843263468620020218 0.00000000099999999990 0.05501606134165856060 0.00000000099999999990 0.48987205998554345099 0.00000000099999999990 
0.01321954848162040612 0.23961562977757561166 0.28385806125330986793 0.03327626770426422159 0.08028527060668820547 0.00000000099999999997 0.33435475990776025723 0.01539046126878129694 
0.00335073229563907435 0.21024807486548496849 0.32244373154206940058 0.00000000099999999994 0.04394419669922580707 0.00000000099999999994 0.42001326159758067824 0.00000000099999999994 
0.00000000099999999950 0.00000000099999999950 0.00000000099999999950 0.00000000099999999950 0.00000000099999999950 0.00000000099999999950 0.99999999299999986491 0.00000000099999999950 
0.00000000099999999955 0.00000000099999999955 0.00000000099999999955 0.00000000099999999955 0.00000000099999999955 0.00000000099999999955 0.99999999299999997593 0.00000000099999999955 
0.00000000099999999987 0.65520758364765230297 0.07531724110591513088 0.04247380298310466512 0.00000000099999999987 0.00000000099999999987 0.22700136826332795170 0.00000000099999999987 
0.00000000099999999955 0.00000000099999999955 0.00000000099999999955 0.00000000099999999955 0.00000000099999999955 0.00000000099999999955 0.99999999299999997593 0.00000000099999999955 
0.00000000099999999958 0.00000000099999999958 0.00000000099999999958 0.00000000099999999958 0.00000000099999999958 0.00000000099999999958 0.99999999299999986491 0.00000000099999999958 
0.02924249858537177754 0.03015811886518586851 0.19835383786051744015 0.04121466756463378761 0.00584855509345706681 0.06505671465499338058 0.31864307253147694521 0.31148253484436361216 
0.11553380673805542511 0.00785472654898045422 0.54320321264474213940 0.00000000099999999996 0.16486528900636757133 0.02497922412618893556 0.05416414082063185365 0.08939959911503364554 
0.04757792941912836193 0.00000000099999999996 0.47189507116910578421 0.00000000099999999996 0.23294338880434425909 0.02683750780370268083 0.05234002412032020407 0.16840607668339882541 
0.05894724167081966115 0.00567215821393237448 0.48170088910268910043 0.02401790839314421611 0.21992915722566055980 0.02647896614585557723 0.01169052289203861839 0.17156315635585989154 
0.01632369397912624212 0.00000000099999999995 0.44233491125833895863 0.01617683805383296133 0.02085942918608871613 0.03310157569180143672 0.25623506106010829342 0.21496848977070334707 
0.05778439129179284428 0.00449958066318692073 0.38835935917718888977 0.00000000099999999997 0.19824164566250043751 0.01729681617705932858 0.18042738543237790694 0.15339082059589356777 
0.02195683582468616751 0.02737476436740241340 0.41748794993108778728 0.00000000099999999998 0.09195040757738948134 0.03197367974670530660 0.18910094460976176189 0.22015541694296697495 
0.00867539040452217948 0.00000000099999999999 0.28372433139411057379 0.00036110282546502053 0.04900205658971022726 0.02410649825755143902 0.38344276580357289363 0.25068785372506757758 
0.03060000663233048562 0.00000000100000000000 0.46364929662907189423 0.00000000100000000000 0.12555317755929501500 0.03127196059343672480 0.13832833039968989164 0.21059722618617585099 
0.03184568753186716589 0.00000000099999999999 0.47003219900243753404 0.00001552605607767661 0.14954111966338642925 0.00605248066523279751 0.29434760646393892669 0.04816537961705930071 
0.00393672302957567919 0.00000000099999999997 0.00213728998912913071 0.14727235623385928620 0.22849134553947994530 0.00000000099999999997 0.44087927168954210710 0.17728301151841380223 
0.03685969185964692307 0.01453068335199571813 0.23652984125949272354 0.00000000099999999999 0.00000000099999999999 0.16159197647925246932 0.10919204411491807705 0.44129576093469419229 
0.04022678172960911930 0.04450682757514735216 0.21678271876864221857 0.00000000099999999997 0.00000000099999999997 0.11906413777451381464 0.11241547144368768674 0.46700406070839972639 
0.04262162996847191493 0.02349216754788447173 0.22563887317711356362 0.00000000099999999997 0.00000000099999999997 0.14567223585046992773 0.11230483292239873405 0.45027025853366120511 
0.03992483194378091543 0.02164493164016214818 0.27965062297259607460 0.02682713075666099886 0.00154143658414901906 0.14311014724655238273 0.13790387402727916077 0.34939702482881934698 
0.03515955304917074004 0.01439238401957852048 0.26970878315695406835 0.01447666062438507026 0.00000000100000000000 0.14538118236717564868 0.17454405986600843304 0.34633737591672736356 
0.00000000099999999979 0.00000000099999999979 0.00000000099999999979 0.24130117518646157504 0.00000000099999999979 0.00000000099999999979 0.15775931046799554491 0.60093950934554285492 
0.00000000099999999985 0.07960587357310033862 0.04460011036203646861 0.14067156761355056882 0.00000000099999999985 0.00000000099999999985 0.16227715622095073567 0.57284528923036193149 
0.00000079106013637752 0.03575078389878794116 0.04716197178275501750 0.13755159329239036170 0.01791049694701268152 0.00000000099999999995 0.17924214174402453015 0.58238222027489316979 
0.00000000099999999976 0.00000000099999999976 0.00000000099999999976 0.18664414274690088735 0.00000000099999999976 0.00000000099999999976 0.15175079844828068265 0.66160505380481837712 
0.00000000099999999986 0.02159550667028575094 0.00000000099999999986 0.15015752300179890932 0.00000000099999999986 0.00000000099999999986 0.22453739566250130455 0.60370957066541419689 
0.00000000099999999990 0.16045244930656071825 0.00000000099999999990 0.15591844924395759087 0.00000000099999999990 0.00000000099999999990 0.00000000099999999990 0.68362909644948166576 
0.04314971289721491327 0.06329207091463241730 0.18051342865599875886 0.14209373493973515012 0.02808358908712303703 0.00000000099999999996 0.19994469458422228780 0.34292276792107345695 
0.04634477713012625372 0.22149323457426142725 0.00000000099999999989 0.00000000099999999989 0.00000000099999999989 0.00000000099999999989 0.00000000099999999989 0.73216198329561221758 
0.00470944765882158698 0.19662658073630961963 0.06047330156687436703 0.05279615149747329816 0.02363124022560516777 0.01037686237768707491 0.12636634135585117500 0.52502007458137778251 
0.00163789172993287504 0.24464613996957693121 0.00000000099999999990 0.02269827682503114744 0.00000000099999999990 0.00000000099999999990 0.00000000099999999990 0.73101768747545903260 
0.00414267459325595548 0.05980487259598737254 0.14492589073268816180 0.00000000099999999998 0.52024639773264480525 0.00000000099999999998 0.00000020632286772254 0.27087995602255610095 
0.00948273095780868477 0.07407059160125577246 0.20818860081130724504 0.09549025018202077220 0.02033327049574958773 0.00000000100000000000 0.44785914621004363489 0.14457540874181437629 
0.00000000099999999996 0.00000000099999999996 0.19319792606266106283 0.05874310834358175554 0.02352708786993800913 0.00000000099999999996 0.62667212999358545833 0.09785974473023374698 
0.00000000099999999999 0.00129740629522180672 0.18710899175562625829 0.01988993534041604699 0.08045415412669938704 0.01250160124541796307 0.52554209505543425518 0.17320581518118416398 
0.00505202475789639366 0.00000000099999999998 0.19664433815407059147 0.07356966902091140181 0.07411261277416796023 0.02602279094451567104 0.50225748127695368783 0.12234108207148423897 
0.02146665958323642348 0.08017591490867555237 0.31048430453232128690 0.00000000099999999996 0.00000000099999999996 0.04247404281851718116 0.29355657472756574444 0.25184250142968367392 
0.00563691541981930361 0.03021226480889417990 0.18937486619666274446 0.02191047135560505663 0.01101609215471151954 0.03115035006504116022 0.41015926974410610306 0.30053977025515982158 
0.00000000099999999991 0.00000000099999999991 0.32123574725174114386 0.00000000099999999991 0.00000000099999999991 0.01095548451923061654 0.34330478506166434149 0.32450397916736378745 
0.00000000099999999993 0.00000000099999999993 0.25350359794404597746 0.00000000099999999993 0.00000000099999999993 0.03415470354427884575 0.41293012102205683966 0.29941157348961816576 
0.02201109752870517369 0.00302523232161334412 0.23032179171720507105 0.02311720656358786513 0.05760858637923110814 0.02885657702892623425 0.41671185811193606208 0.21834765034879521917 
0.05178689969788251302 0.05658917990076433452 0.24338741840045741149 0.00000000099999999998 0.00000000099999999998 0.03838968265049223089 0.12608673263948683152 0.48376008471091652696 
0.02004691515895152751 0.00000000099999999997 0.10806689859266475906 0.03949475949060030772 0.00000000099999999997 0.00000000099999999997 0.74975555435336560528 0.08263586940441781936 
0.01644233210641868684 0.00000000099999999996 0.28751813173755169650 0.02312077173629339261 0.00000000099999999996 0.04381923917855577028 0.37254055314159234547 0.25655897009958811283 
0.08950927493842086857 0.00318082442185205032 0.23714119738584366059 0.05246370546770131454 0.00000000099999999999 0.02748360678270904064 0.34319414281546495316 0.24702724718800811443 
0.03323296847424952322 0.06663777380384877658 0.19742279942810625482 0.07846565025101580326 0.02446015141897222439 0.03664610424130573807 0.24726184869251816023 0.31587270368998354719 
0.02560125797230387162 0.00988796159528858125 0.17146790461214669876 0.13001632428398107733 0.06189602261340631378 0.00000000100000000000 0.47812423308991203186 0.12300629483296128541 
0.00852804744049663957 0.00000000099999999997 0.36445869169030142842 0.02045477810736691729 0.00102098164045493259 0.04914565720896928169 0.32401358065358221161 0.23237826225882862730 
0.03057817891227912824 0.00000000099999999996 0.26152118798740786598 0.03062258168500128080 0.00000000099999999996 0.02554552818577431397 0.41314130863175957398 0.23859121259777782420 
0.00000000099999999998 0.00000000099999999998 0.28967246432289223135 0.01806977101915597031 0.00000000099999999998 0.01818615777493987062 0.38339860063540720514 0.29067300324760469987 
0.01546231889642338785 0.08822284995323280421 0.04810734562050429652 0.02345684174063646446 0.00540211904234523272 0.00869415238809938436 0.49219506555573988571 0.31845930680301859361 
0.00675455896592891836 0.03596794344545087979 0.17285613278617040223 0.04852695697065810554 0.00000000099999999999 0.00916181176558113902 0.55991260914863338893 0.16681998591757707384 
0.00000000099999999999 0.02584674737845962453 0.30734144530172308185 0.03751466032266483758 0.15838309634670380555 0.01875975284181177760 0.35309687821363905380 0.09905741859499790636 
0.02052549742382986375 0.00000000099999999995 0.01211265361484042090 0.07571823602410923670 0.11502592145602422158 0.00000000099999999995 0.57850993221061242089 0.19810775727058393958 
0.01877287560377921896 0.04556458491970748204 0.22636403247422987040 0.02881911996186583766 0.00000000099999999999 0.01156556251543242216 0.55533133387099598011 0.11358248965398906605 
0.00000000099999999990 0.24182557934397594379 0.26081603743542652873 0.03533812892714204013 0.01694652336279277652 0.00000000099999999990 0.44507372793066285466 0.00000000099999999990 
0.10055266135500331992 0.02639103842893480295 0.38940339885853691992 0.00000000099999999996 0.20312403829540404132 0.01687542484551654565 0.00000000099999999996 0.26365343621660447537 
0.02756578063296700326 0.55069088671095389742 0.09757780607114878435 0.00000000099999999989 0.00000000099999999989 0.00000000099999999989 0.17765691959525778398 0.14650860398967283094 
0.02419308521640510176 0.51937788888882796545 0.00000096485572126172 0.00000000099999999993 0.08624785413120732158 0.00000000099999999993 0.26630529234268812688 0.10387491256515038462 
0.00228310128884381220 0.46134193332008316402 0.08167828291740972246 0.11519307885567714456 0.01060218677124282610 0.00000000099999999996 0.27990397553604046132 0.04899744031070293881 
0.00000000099999999991 0.29531224843187670048 0.19542541364043142238 0.07364818739507536516 0.00000000099999999991 0.00000000099999999991 0.09926492463173808289 0.33634922290087831964 
0.00000000099999999980 0.00000000099999999980 0.00000000099999999980 0.17948127299920410560 0.00000000099999999980 0.00000000099999999980 0.24464508354691791303 0.57587363845387795624 
0.00000000099999999989 0.02325783175944084319 0.10035850560366310624 0.17669136485897557476 0.00000000099999999989 0.00000000099999999989 0.19874967530516671199 0.50094261947275375846 
0.00000000099999999885 0.00000000099999999885 0.00000000099999999885 0.99999999299999986491 0.00000000099999999885 0.00000000099999999885 0.00000000099999999885 0.00000000099999999885 
0.00000000099999999886 0.00000000099999999886 0.00000000099999999886 0.99999999299999997593 0.00000000099999999886 0.00000000099999999886 0.00000000099999999886 0.00000000099999999886 
0.00000000099999999884 0.00000000099999999884 0.00000000099999999884 0.99999999299999997593 0.00000000099999999884 0.00000000099999999884 0.00000000099999999884 0.00000000099999999884 
0.04272044818399144822 0.01006780084704536095 0.34172179145525144461 0.02086925648538812475 0.06629415413788009026 0.08773317576225669878 0.08961279754849182932 0.34098057557969507769 
0.04595519198094044633 0.03582601587927794484 0.29881385970011081765 0.01982519404740389415 0.00000000099999999998 0.11292761736789545812 0.18429882908444047973 0.30235329093993096317 
0.03036501439398883728 0.04266716858393576617 0.30272929173948270876 0.02229194050351885822 0.00000000099999999998 0.12757261890704896246 0.16481677533002558889 0.30955718954199917814 
0.02519833704076751904 0.01212756954617546720 0.32860791105083797525 0.02636997096876641036 0.02023909282414088073 0.13888787867791826947 0.16396181294410389073 0.28460742694728957680 
0.03592783273292154272 0.00000000099999999996 0.26887719233167250987 0.01705299278930672360 0.00000000099999999996 0.14218510264591238679 0.12377226046127939862 0.41218461703890746373 
0.03422610259836119523 0.00000000099999999995 0.29749730709066379841 0.04005323041750408902 0.00000000099999999995 0.12552991192463067160 0.11430366589709174685 0.38838978007174845830 
0.00000000099999999865 0.00000000099999999865 0.00000000099999999865 0.00000000099999999865 0.00000000099999999865 0.99999999299999997593 0.00000000099999999865 0.00000000099999999865 
0.00000000099999999843 0.00000000099999999843 0.00000000099999999843 0.00000000099999999843 0.00000000099999999843 0.99999999299999997593 0.00000000099999999843 0.00000000099999999843 
0.00124589666290356345 0.00000000099999999995 0.00000000099999999995 0.00000000099999999995 0.00000000099999999995 0.95023474862560597387 0.00000000099999999995 0.04851934971149061276 
0.00000000099999999878 0.00000000099999999878 0.00000000099999999878 0.00000000099999999878 0.00000000099999999878 0.99999999299999986491 0.00000000099999999878 0.00000000099999999878 
0.00000000099999999857 0.00000000099999999857 0.00000000099999999857 0.00000000099999999857 0.00000000099999999857 0.99999999299999997593 0.00000000099999999857 0.00000000099999999857 
0.00000000099999999822 0.00000000099999999822 0.00000000099999999822 0.00000000099999999822 0.00000000099999999822 0.99999999299999997593 0.00000000099999999822 0.00000000099999999822 
0.00000000099999999822 0.00000000099999999822 0.00000000099999999822 0.00000000099999999822 0.00000000099999999822 0.99999999299999986491 0.00000000099999999822 0.00000000099999999822 
0.01615080249564909698 0.01791073287797134359 0.55542796943478578431 0.00000000099999999997 0.14076342067673169867 0.05223186208594345070 0.04949370373898865499 0.16802150768993004415 
0.00000000099999999829 0.00000000099999999829 0.00000000099999999829 0.00000000099999999829 0.00000000099999999829 0.99999999299999997593 0.00000000099999999829 0.00000000099999999829 
0.00000000099999999841 0.00000000099999999841 0.00000000099999999841 0.00000000099999999841 0.00000000099999999841 0.99999999299999986491 0.00000000099999999841 0.00000000099999999841 
0.00000000099999999842 0.00000000099999999842 0.00000000099999999842 0.00000000099999999842 0.00000000099999999842 0.99999999299999997593 0.00000000099999999842 0.00000000099999999842 
0.00000000099999999854 0.00000000099999999854 0.00000000099999999854 0.00000000099999999854 0.00000000099999999854 0.99999999299999997593 0.00000000099999999854 0.00000000099999999854 
0.00000000099999999821 0.00000000099999999821 0.00000000099999999821 0.00000000099999999821 0.00000000099999999821 0.99999999299999986491 0.00000000099999999821 0.00000000099999999821 
0.00000000099999999827 0.00000000099999999827 0.00000000099999999827 0.00000000099999999827 0.00000000099999999827 0.99999999299999997593 0.00000000099999999827 0.00000000099999999827 
0.01023380335215897524 0.01684334329807896796 0.33481305309759429312 0.00751029562701471462 0.12560379007773095350 0.02001872323486314498 0.28037093892606479439 0.20460605238649431925 
0.05698569438298476536 0.00000000099999999999 0.49264197967072065332 0.01185784888281794444 0.27038731117916686708 0.02332916204111273178 0.00000000099999999999 0.14479800184319696621 
0.14155743172807030983 0.00654039162815070203 0.35211062712656088225 0.00000000099999999995 0.19685601879889419452 0.02215317214587729511 0.00000000099999999995 0.28078235657244671186 
0.09298829995720077346 0.00000000099999999998 0.46430560686290500705 0.00000000099999999998 0.17632007509567665382 0.01174032914653421779 0.03740155196756603934 0.21724413497011732521 
0.01642337984446185298 0.05125502089008751594 0.25503343937128891694 0.00000000099999999999 0.15565502375109643851 0.02277247683638471479 0.28349357344820103055 0.21536708485847949612 
0.17755123778008041757 0.00562332590486959525 0.37610080287352287698 0.00000000099999999994 0.14281806199609614616 0.01805545568327805370 0.00000000099999999994 0.27985111376215293655 
0.14690830035848934099 0.00000000099999999993 0.39821806180516139406 0.00000000099999999993 0.21071003830577234028 0.00805540166632170117 0.00000000099999999993 0.23610819486425535518 
0.12119882967643323679 0.00719905307764068681 0.43487681139028244726 0.00000000099999999996 0.14671921376934982106 0.02300878495391034742 0.00000000099999999996 0.26699730513238345564 
0.11724459620803338866 0.02879121103240758414 0.45382106841842190237 0.00000000099999999998 0.11631450575959864646 0.01885622893267704242 0.02081554354002894056 0.24415684510883237102 
0.14725242144153671831 0.00000000099999999998 0.35457630712057019995 0.01559813355894011135 0.10227343711960532047 0.02041772486282800864 0.00000000099999999998 0.35988197389651982450 
0.15964086686926770575 0.00000000099999999996 0.36899969166177837288 0.00000000099999999996 0.15832216481981231659 0.01550178458232419169 0.00000000099999999996 0.29753548906681748232 
0.14880307970782494231 0.00000000099999999997 0.34946091495978948149 0.01621875263749445253 0.10253557565939909468 0.02079884431772672376 0.00000000099999999997 0.36218283071776546933 
0.02805252728367876175 0.00000000099999999998 0.53890793175725126840 0.03229270498257529043 0.29978074282622424462 0.02464150521537243621 0.00164750138867687519 0.07467708554622105865 
0.06842757555749688636 0.00316054626292436172 0.44754364841244492768 0.01618039125696138156 0.34496080203611717563 0.00743067371949308105 0.01345687342181042107 0.09883948933275173154 
0.00000000099999999993 0.00000000099999999993 0.19353333365942740341 0.11225857486626888981 0.03885116179815224086 0.00000000099999999993 0.59042443244900189026 0.06493249422714963970 
0.00737773392854160995 0.03934339100598752137 0.06616274522155379811 0.35919892721330437535 0.04074454924114988275 0.00334906736255881051 0.39146317603030988952 0.09236040999659418660 
0.00000000099999999994 0.00000000099999999994 0.00281595101218452782 0.17892170729599402024 0.08431547829344869516 0.00000000099999999994 0.63710138775327873617 0.09684547264509388298 
0.02376521904179552946 0.00000000099999999994 0.50979377175808160416 0.00000000099999999994 0.37113907807621149271 0.00348136107433616535 0.02239681235149788840 0.06942375569807744673 
0.03207599055085829515 0.00000000099999999993 0.55046468449818120039 0.00000000099999999993 0.34759600592315420542 0.00000000099999999993 0.01790976284784585176 0.05195355317996060152 
0.03350214619789485676 0.00000000099999999996 0.64365990555806174012 0.00000000099999999996 0.22591337292230009859 0.00000000099999999996 0.03058135068176705620 0.06634322163997645461 
0.01848780330394232327 0.00000000099999999994 0.63804017036129678786 0.00000000099999999994 0.29707375076949366077 0.00860679400700254012 0.00000000099999999994 0.03779147855826476415 
0.04594167000961038583 0.00000000099999999999 0.47697904762890608321 0.05303408971755078222 0.22408980479660850493 0.00579363838429787937 0.12779959200783680418 0.06636215645518950268 
0.00961418586380274366 0.00000000099999999993 0.56248386555872442738 0.00000000099999999993 0.41761168872397380625 0.00000000099999999993 0.01029025585349918614 0.00000000099999999993 
0.00594696758072566032 0.00000000099999999999 0.44282539455018105068 0.00000000099999999999 0.41333465348864606437 0.00722653765225787694 0.04115784848603983720 0.08950859624214951848 
0.00000000099999999997 0.00669891236509978505 0.15344452808604422400 0.01087813722539125380 0.18224444618989910083 0.00000000099999999997 0.58596647275515323372 0.06076750137841237936 
0.00000000099999999989 0.00000000099999999989 0.40459905799538509186 0.07936662259256474505 0.11211466508463169278 0.00000000099999999989 0.40391965032741855568 0.00000000099999999989 
0.00000000099999999983 0.00000000099999999983 0.00329065360519229227 0.03070460384901018899 0.00000000099999999983 0.00000000099999999983 0.96600473754579740948 0.00000000099999999983 
0.01174458919848589238 0.00000000099999999994 0.22577972813927987827 0.00000000099999999994 0.06457028085479830926 0.00000000099999999994 0.67697920388827392824 0.02092619491916192925 
0.00000000099999999986 0.00000000099999999986 0.53353435401522375514 0.00213873191373867505 0.29917858849983447467 0.00000000099999999986 0.13755686328285982034 0.02759145928834324732 
0.00000000099999999989 0.00000000099999999989 0.71872499106423137771 0.00000000099999999989 0.24192839764840462502 0.00000000099999999989 0.03934660628736393051 0.00000000099999999989 
0.01581001510924496395 0.00000000099999999998 0.80441326979008875853 0.00000000099999999998 0.10083430530641014633 0.00000000099999999998 0.07894240579425611248 0.00000000099999999998 
0.00000000099999999991 0.00000000099999999991 0.48715375503979241323 0.00360558315726759769 0.31607926667583380320 0.00000000099999999991 0.17514701469215365748 0.01801437743495247143 
0.00000000099999999936 0.00000000099999999936 0.00000000099999999936 0.00000000099999999936 0.00000000099999999936 0.00000000099999999936 0.99999999299999986491 0.00000000099999999936 
0.07954674170597882121 0.00000000100000000000 0.40030853563715740329 0.05066356937177560887 0.13653370844517254135 0.02585466139365297927 0.17944265471159265291 0.12765012773466999363 
0.10579426035329547728 0.00382276043591338105 0.41380270022846005196 0.00000000099999999995 0.25051522576460705238 0.02688637019890081914 0.00000000099999999995 0.19917868101882335585 
0.03366101870147483743 0.00000000099999999996 0.49705380910811075568 0.00000000099999999996 0.20940724345764796799 0.02809331326711271212 0.13670559938359533314 0.09507901408205840510 
0.10297735500928213714 0.00231594161879198658 0.45322700305285817945 0.00754407571168409438 0.17000073024338682726 0.01302925759089585550 0.08410038260244871722 0.16680525417065208971 
0.00000000099999999995 0.00000000099999999995 0.43169403484441426500 0.00000000099999999995 0.28095789799400916475 0.02100122373665922609 0.08293231724151696460 0.18341452318340034644 
0.02280092247005388248 0.00000000099999999990 0.63125774699642844823 0.07625714714685680184 0.08190165896651152577 0.00000000099999999990 0.18778252142014936754 0.00000000099999999990 
0.01570150367849418305 0.00963231324184633635 0.60696391193431531441 0.00000000099999999999 0.30398684083629901043 0.00006363390711194611 0.01820383072049706549 0.04544796468143628282 
0.13505922791709060182 0.00000000099999999999 0.51280183268963885901 0.00047298572221659457 0.04498216566819327605 0.03153312848166982957 0.08932467307785828259 0.18582598544333261970 
0.02594305549426199897 0.74380725111239198721 0.07320860089206687737 0.00000000099999999987 0.00000000099999999987 0.00000000099999999987 0.00000000099999999987 0.15704108850127918018 
0.00000000099999999831 0.99999999300000008695 0.00000000099999999831 0.00000000099999999831 0.00000000099999999831 0.00000000099999999831 0.00000000099999999831 0.00000000099999999831 
0.00000000099999999827 0.99999999300000008695 0.00000000099999999827 0.00000000099999999827 0.00000000099999999827 0.00000000099999999827 0.00000000099999999827 0.00000000099999999827 
0.00938645750561114579 0.12289408607094710890 0.11321584272078807909 0.22663926023347460981 0.00000000099999999999 0.00951450523839927377 0.43239948472558925596 0.08595036250519040577 
0.01965721708313168323 0.07240135790044638364 0.02777945749907564932 0.15057968105547997473 0.00000000099999999997 0.00000000099999999997 0.42816223656445606682 0.30142004789741033699 
0.09532703788848760629 0.11956592634544890852 0.15046087071497832310 0.01802356481983460185 0.02681796949543316724 0.01307314463434030780 0.12717191183807347032 0.44955957426340348304 
0.07805275140703145376 0.00000000099999999995 0.63225329112686712296 0.02596598161012212205 0.00000000099999999995 0.00000000099999999995 0.06265912854479621652 0.20106884431118310363 
0.07514017948942976199 0.00000000099999999993 0.62900391633000662939 0.02632107855580942402 0.00000000099999999993 0.00000000099999999993 0.06676545548355911075 0.20276936714119508931 
0.07244661782105281389 0.00000000099999999994 0.63076965775913740320 0.02430230720077863546 0.00000000099999999994 0.00000000099999999994 0.06494345418208066767 0.20753796003695057504 
0.17930695533703941424 0.00000000099999999993 0.30395190735012644900 0.00000000099999999993 0.27813092077659185009 0.02662777956161483869 0.00601780733189449107 0.20596462764273296142 
0.00000000099999999991 0.01114534772214693069 0.94420703350918133712 0.03752983756819904676 0.00711777720047257392 0.00000000099999999991 0.00000000099999999991 0.00000000099999999991 
0.00000000099999999955 0.00000000099999999955 0.99999999299999997593 0.00000000099999999955 0.00000000099999999955 0.00000000099999999955 0.00000000099999999955 0.00000000099999999955 
0.00000000099999999991 0.00000000099999999991 0.47102355375570048590 0.03268606655390397103 0.29040660899067122225 0.00000000099999999991 0.01301800433158525547 0.19286576336813915367 
0.01720926494042489610 0.00000000099999999995 0.76068582405622597875 0.00000000099999999995 0.12177244015056462589 0.00750268940227620963 0.00000000099999999995 0.09282977845050824350 
0.00854037396963511393 0.00082790662050253932 0.77138564036878043417 0.00615045071740494796 0.12657750599596104268 0.02062647915901033926 0.00000000099999999999 0.06589164216870574409 
0.04822795489689087750 0.00000000099999999995 0.49810941719376172765 0.00000000099999999995 0.27945899626685660744 0.00159491997449568617 0.09289724111305057430 0.07971146855494445904 
0.03203261297299758031 0.00000000099999999998 0.47783667123041767555 0.03193338745131567985 0.33685617644732523956 0.01476743938881018917 0.03239132586442557138 0.07418238564470809593 
0.02808727814968890388 0.00000000099999999998 0.74971442509286734257 0.01010249378732858659 0.10084282083875591163 0.01304609608949780161 0.00000000099999999998 0.09820688404186141141 
0.00000000099999999934 0.00000000099999999934 0.99999999299999997593 0.00000000099999999934 0.00000000099999999934 0.00000000099999999934 0.00000000099999999934 0.00000000099999999934 
0.00000000099999999931 0.00000000099999999931 0.99999999299999997593 0.00000000099999999931 0.00000000099999999931 0.00000000099999999931 0.00000000099999999931 0.00000000099999999931 
0.00000000099999999932 0.00000000099999999932 0.99999999300000008695 0.00000000099999999932 0.00000000099999999932 0.00000000099999999932 0.00000000099999999932 0.00000000099999999932 
0.00000000099999999985 0.00000000099999999985 0.04147437231680390496 0.00000000099999999985 0.93900700939625902919 0.01951861328693704073 0.00000000099999999985 0.00000000099999999985 
0.00000000099999999876 0.00000000099999999876 0.00000000099999999876 0.00000000099999999876 0.99999999299999986491 0.00000000099999999876 0.00000000099999999876 0.00000000099999999876 
0.00000000099999999988 0.00000000099999999988 0.00000000099999999988 0.00000000099999999988 0.93758151372859122041 0.00000000099999999988 0.04107761461949041570 0.02134086665191851570 
0.00000000099999999982 0.00000000099999999982 0.19715558829278703734 0.00072662961554989796 0.72077026328307858272 0.00000000099999999982 0.08134751480858451456 0.00000000099999999982 
0.00000000099999999993 0.00000000099999999993 0.14173379555937085095 0.00483742692892155397 0.70839038997646941453 0.00000000099999999993 0.14503838353523820781 0.00000000099999999993 
0.04870485272773886209 0.02304883968469674874 0.15458328193953987939 0.00000000099999999999 0.58688807255679442676 0.00000000099999999999 0.02521118670434681699 0.16156376438688324626 
0.00000000099999999890 0.00000000099999999890 0.00000000099999999890 0.00000000099999999890 0.99999999299999997593 0.00000000099999999890 0.00000000099999999890 0.00000000099999999890 
0.00000000099999999980 0.00000000099999999980 0.32788272286128183897 0.04926687075195151228 0.62081992262428919993 0.00000000099999999980 0.00203047976247748129 0.00000000099999999980 
0.01061142676254737093 0.00000000099999999993 0.23336899949473427496 0.00000000099999999993 0.61775868183079529761 0.00000000099999999993 0.13439394394082396222 0.00386694497109916699 
0.00675208199431497676 0.00000000099999999995 0.22884300819256900295 0.00000000099999999995 0.61974401844757509572 0.00000000099999999995 0.14179491242217978630 0.00286597594336119015 
0.00000000099999999970 0.16129222506052284802 0.00000000099999999970 0.00000000099999999970 0.00000000099999999970 0.00000000099999999970 0.00000000099999999970 0.83870776893947718289 
0.09106225161686720693 0.03343586448503547276 0.34704790733258700230 0.02837785163502315813 0.17468865239381620169 0.03500449902630218407 0.03078197906580350598 0.25960099444456530282 
0.04436841264942524565 0.07349009525116949326 0.21183999394128166793 0.02690983443059352664 0.07610711928380331504 0.00000000099999999996 0.00000000099999999996 0.56728454244372672477 
0.00000000099999999995 0.22188210284972040287 0.01598524719035715122 0.02749673825324985832 0.05052367266602816875 0.00000000099999999995 0.06978723242362058765 0.61432500461702377326 
0.04209594506395250568 0.03984625046796883702 0.42612056686675159334 0.01520413145396902650 0.16889222578503101935 0.01530728884260988340 0.09940516229258605785 0.19312842922713122085 
0.00138734475871731986 0.21370079387150231476 0.00364096119675797218 0.04730046894797490520 0.06583146243443804835 0.00000000099999999997 0.01227473409189466270 0.65586423369871471589 
0.00000000099999999924 0.00000000099999999924 0.00000000099999999924 0.00000000099999999924 0.99999999300000008695 0.00000000099999999924 0.00000000099999999924 0.00000000099999999924 
0.00000000099999999962 0.00000000099999999962 0.00000000099999999962 0.00000000099999999962 0.98352987538285974178 0.00000000099999999962 0.01647011861714027525 0.00000000099999999962 
0.00533846187422139587 0.00442321273333643426 0.11511598298575304034 0.00000000099999999997 0.66022107123698692277 0.00000000099999999997 0.17632527380783175053 0.03857599536187044514 
0.00000000099999999888 0.00000000099999999888 0.00000000099999999888 0.00000000099999999888 0.99999999299999997593 0.00000000099999999888 0.00000000099999999888 0.00000000099999999888 
0.00000000099999999983 0.00000000099999999983 0.33538795540061416833 0.02222073395987608432 0.60523380821934924523 0.00000000099999999983 0.03715749842016037585 0.00000000099999999983 
0.00000000099999999950 0.00000000099999999950 0.00000000099999999950 0.00000000099999999950 0.99999999299999997593 0.00000000099999999950 0.00000000099999999950 0.00000000099999999950 
0.00418138857551327361 0.00502246855924086757 0.22646708633667714250 0.00138639576781129838 0.52726123788138745674 0.00000000099999999999 0.05569235579889548343 0.17998906608047438027 
0.00000000099999999960 0.00000000099999999960 0.00000000099999999960 0.00000000099999999960 0.98040970455649745219 0.00000000099999999960 0.01959028944350263771 0.00000000099999999960 
0.00000000099999999944 0.00000000099999999944 0.00000000099999999944 0.00000000099999999944 0.99999999299999997593 0.00000000099999999944 0.00000000099999999944 0.00000000099999999944 
0.00000000099999999896 0.00000000099999999896 0.00000000099999999896 0.00000000099999999896 0.99999999299999997593 0.00000000099999999896 0.00000000099999999896 0.00000000099999999896 
0.02886987209707567864 0.00422254938019531005 0.53673511775870408336 0.05583591835001123355 0.21664254893710949146 0.00036301214387398278 0.02839327854465972106 0.12893770278837052290 
0.02157840602087377629 0.00000000099999999998 0.63579131357679952163 0.00000000099999999998 0.17917545437161513933 0.02665770303672977334 0.00000000099999999998 0.13679711999398164179 
0.05817933839211526098 0.00235215924343422800 0.49496111144213861266 0.00000000099999999999 0.28757355424157710067 0.00458783510363114811 0.03280572323402569657 0.11954027734307805242 
0.04801325963871757446 0.00000000099999999998 0.39955480998872699994 0.00000000099999999998 0.25301452113348382733 0.02556409111649065105 0.11330755306074885569 0.16054576306183221401 
0.02895826558557422492 0.08004056016912514115 0.00000000099999999995 0.03739921735385859369 0.07878500899367139876 0.00000000099999999995 0.00000000099999999995 0.77481694489777064305 
0.04187689951207237971 0.13076555927064278939 0.19357309054290625094 0.00000000099999999998 0.15129473013951150184 0.00000000099999999998 0.11291246360398189685 0.36957725493088500190 
0.02520965461389992196 0.08991733849451903626 0.17499691464457231560 0.02510608625520900639 0.17497005558134212655 0.00000000099999999997 0.21982646740562775123 0.28997348200482986336 
0.00000000099999999940 0.12366147014671548254 0.00000000099999999940 0.00000000099999999940 0.00000000099999999940 0.00000000099999999940 0.00000000099999999940 0.87633852385328459000 
0.00286998283216098517 0.10938241484319023711 0.00000000099999999988 0.03240260470000054516 0.26033558398830336511 0.00000000099999999988 0.00000000099999999988 0.59500941063634471551 
0.02379862690098541109 0.08822651704184809873 0.02561649621214389522 0.00000000099999999991 0.05676532482359954168 0.00000000099999999991 0.00000000099999999991 0.80559303202142307221 
0.00000000099999999951 0.09119633727127550438 0.00000000099999999951 0.00000000099999999951 0.00000000099999999951 0.00000000099999999951 0.00000000099999999951 0.90880365672872442939 
