0.00000000099999999838 0.00000000099999999838 0.00000000099999999838 0.00000000099999999838 0.00000000099999999838 0.99999999000000006077 0.00000000099999999838 0.00000000099999999838 0.00000000099999999838 0.00000000099999999838 0.00000000099999999838 
0.00000000099999999840 0.00000000099999999840 0.00000000099999999840 0.00000000099999999840 0.00000000099999999840 0.99999998999999994975 0.00000000099999999840 0.00000000099999999840 0.00000000099999999840 0.00000000099999999840 0.00000000099999999840 
0.00000000099999999837 0.00000000099999999837 0.00000000099999999837 0.00000000099999999837 0.00000000099999999837 0.99999998999999994975 0.00000000099999999837 0.00000000099999999837 0.00000000099999999837 0.00000000099999999837 0.00000000099999999837 
0.00338950295066421745 0.00024248946168374847 0.00258432124393874387 0.00492393236815052981 0.00804020195261249959 0.00194637969134129219 0.11217414337481397546 0.04753136544654271850 0.00000032024135303124 0.00014660110044340463 0.81902074216845577315 
0.00009160442316135154 0.00561055702741021338 0.29478303801533478623 0.00001494557599408239 0.00924243451171964138 0.12143330542691824214 0.00176290947692142748 0.16544217589915077848 0.00151567610663539440 0.01894510122278164968 0.38115825231397254536 
0.00000000099999999820 0.00000000099999999820 0.00000000099999999820 0.00000000099999999820 0.00000000099999999820 0.99999999000000006077 0.00000000099999999820 0.00000000099999999820 0.00000000099999999820 0.00000000099999999820 0.00000000099999999820 
0.00000000099999999820 0.00000000099999999820 0.00000000099999999820 0.00000000099999999820 0.00000000099999999820 0.99999998999999994975 0.00000000099999999820 0.00000000099999999820 0.00000000099999999820 0.00000000099999999820 0.00000000099999999820 
0.00000000099999999800 0.00000000099999999800 0.00000000099999999800 0.00000000099999999800 0.00000000099999999800 0.99999999000000006077 0.00000000099999999800 0.00000000099999999800 0.00000000099999999800 0.00000000099999999800 0.00000000099999999800 
0.00000000099999999825 0.00000000099999999825 0.00000000099999999825 0.00000000099999999825 0.00000000099999999825 0.99999999000000006077 0.00000000099999999825 0.00000000099999999825 0.00000000099999999825 0.00000000099999999825 0.00000000099999999825 
0.00000000099999999825 0.00000000099999999825 0.00000000099999999825 0.00000000099999999825 0.00000000099999999825 0.99999999000000006077 0.00000000099999999825 0.00000000099999999825 0.00000000099999999825 0.00000000099999999825 0.00000000099999999825 
0.00000000099999999780 0.00000000099999999780 0.00000000099999999780 0.00000000099999999780 0.00000000099999999780 0.99999998999999994975 0.00000000099999999780 0.00000000099999999780 0.00000000099999999780 0.00000000099999999780 0.00000000099999999780 
0.00000000099999999757 0.00000000099999999757 0.00000000099999999757 0.00000000099999999757 0.00000000099999999757 0.00000000099999999757 0.00000000099999999757 0.00000000099999999757 0.00000000099999999757 0.00000000099999999757 0.99999999000000006077 
0.00000000099999999754 0.00000000099999999754 0.00000000099999999754 0.00000000099999999754 0.00000000099999999754 0.00000000099999999754 0.00000000099999999754 0.00000000099999999754 0.00000000099999999754 0.00000000099999999754 0.99999999000000006077 
0.00000000099999999804 0.00000000099999999804 0.00000000099999999804 0.99999999000000006077 0.00000000099999999804 0.00000000099999999804 0.00000000099999999804 0.00000000099999999804 0.00000000099999999804 0.00000000099999999804 0.00000000099999999804 
0.00000000099999999840 0.00000000099999999840 0.00000000099999999840 0.41232619634469119818 0.00000000099999999840 0.00000000099999999840 0.00000000099999999840 0.00000000099999999840 0.00000000099999999840 0.00000000099999999840 0.58767379465530866778 
0.00000000099999999972 0.00000000099999999972 0.10787610288334034681 0.56048245804205321097 0.05823351094843206427 0.00000000099999999972 0.00000000099999999972 0.00000000099999999972 0.00000000099999999972 0.00000000099999999972 0.27340792112617473553 
0.00000000099999999791 0.00000000099999999791 0.00000000099999999791 0.00000000099999999791 0.00000000099999999791 0.00000000099999999791 0.00000000099999999791 0.00000000099999999791 0.00000000099999999791 0.00000000099999999791 0.99999999000000006077 
0.00000000099999999756 0.00000000099999999756 0.00000000099999999756 0.00000000099999999756 0.00000000099999999756 0.00000000099999999756 0.00000000099999999756 0.00000000099999999756 0.00000000099999999756 0.00000000099999999756 0.99999998999999994975 
0.00000000099999999891 0.00000000099999999891 0.00000000099999999891 0.78079957142803657621 0.00000000099999999891 0.00000000099999999891 0.00000000099999999891 0.00000000099999999891 0.00000000099999999891 0.00000000099999999891 0.21920041957196362281 
0.00000000099999999902 0.00000000099999999902 0.00000000099999999902 0.35161705583076080517 0.00000000099999999902 0.00000000099999999902 0.00000000099999999902 0.00000000099999999902 0.00000000099999999902 0.00000000099999999902 0.64838293516923906079 
0.00000000099999999934 0.00000000099999999934 0.00000000099999999934 0.68384304457658828813 0.00000000099999999934 0.00000000099999999934 0.00000000099999999934 0.00000000099999999934 0.00000000099999999934 0.00000000099999999934 0.31615694642341196641 
0.00000000099999999804 0.00000000099999999804 0.00000000099999999804 0.99999999000000006077 0.00000000099999999804 0.00000000099999999804 0.00000000099999999804 0.00000000099999999804 0.00000000099999999804 0.00000000099999999804 0.00000000099999999804 
0.00000000099999999863 0.00000000099999999863 0.00000000099999999863 0.06284323031258919057 0.00000000099999999863 0.00000000099999999863 0.00000000099999999863 0.00000000099999999863 0.00000000099999999863 0.00000000099999999863 0.93715676068741071703 
0.00000000099999999847 0.00000000099999999847 0.00000000099999999847 0.43526623881669312954 0.00000000099999999847 0.00000000099999999847 0.00000000099999999847 0.00000000099999999847 0.00000000099999999847 0.00000000099999999847 0.56473375218330679193 
0.00000000099999999818 0.00000000099999999818 0.00000000099999999818 0.07937755699973295109 0.00000000099999999818 0.00000000099999999818 0.00000000099999999818 0.00000000099999999818 0.00000000099999999818 0.00000000099999999818 0.92062243400026699813 
0.00000000099999999752 0.00000000099999999752 0.00000000099999999752 0.00000000099999999752 0.00000000099999999752 0.00000000099999999752 0.00000000099999999752 0.00000000099999999752 0.00000000099999999752 0.00000000099999999752 0.99999999000000006077 
0.00000000099999999839 0.00000000099999999839 0.00000000099999999839 0.14694109034563732075 0.00000000099999999839 0.00000000099999999839 0.00000000099999999839 0.00000000099999999839 0.00000000099999999839 0.00000000099999999839 0.85305890065436262848 
0.04500494644232058000 0.00000000099999999985 0.00000000099999999985 0.01167091114705028077 0.22245224262212548449 0.67283168629065159827 0.00000000099999999985 0.00000000099999999985 0.00000000099999999985 0.04269443533787211503 0.00534577315997992412 
0.05243625659640476638 0.27030661380828024942 0.00000000099999999982 0.02240952686119891332 0.24372833062151205707 0.17157085019046383612 0.00000000099999999982 0.18157204115958358592 0.00000000099999999982 0.05797637676255665978 0.00000000099999999982 
0.04479740408339612928 0.31011041030009645070 0.00000000099999999987 0.07513548989314429438 0.22912589782495804136 0.21529207434793151688 0.00000000099999999987 0.02983484820002904603 0.00000000099999999987 0.09570387135044451654 0.00000000099999999987 
0.07755414067462915173 0.32723138953938696316 0.00000000099999999984 0.02818260341427370960 0.21384009190661010247 0.17887342743432219083 0.00000000099999999984 0.12408021881761935323 0.00000000099999999984 0.05023812421315858312 0.00000000099999999984 
0.00000000099999999900 0.00000000099999999900 0.00000000099999999900 0.00000000099999999900 0.99999999000000006077 0.00000000099999999900 0.00000000099999999900 0.00000000099999999900 0.00000000099999999900 0.00000000099999999900 0.00000000099999999900 
0.00000000099999999908 0.00000000099999999908 0.00000000099999999908 0.00000000099999999908 0.99999999000000017180 0.00000000099999999908 0.00000000099999999908 0.00000000099999999908 0.00000000099999999908 0.00000000099999999908 0.00000000099999999908 
0.06888620092399191930 0.00000000099999999985 0.02499536174061343929 0.03610373542984178508 0.18713840627687683416 0.64708207452681876237 0.00000000099999999985 0.03579421610185738734 0.00000000099999999985 0.00000000099999999985 0.00000000099999999985 
0.00000000099999999907 0.00000000099999999907 0.00000000099999999907 0.00000000099999999907 0.99999999000000017180 0.00000000099999999907 0.00000000099999999907 0.00000000099999999907 0.00000000099999999907 0.00000000099999999907 0.00000000099999999907 
0.00000000099999999909 0.00000000099999999909 0.00000000099999999909 0.00000000099999999909 0.99999999000000017180 0.00000000099999999909 0.00000000099999999909 0.00000000099999999909 0.00000000099999999909 0.00000000099999999909 0.00000000099999999909 
0.00000000100000000000 0.48711276251858265374 0.10834959171717094273 0.02296016928377103694 0.24449341123839396506 0.03553007898934712472 0.03717184883244824961 0.01739037407011549338 0.01287333857659487754 0.00363120918540583981 0.03048721458816959148 
0.16466262449085936059 0.54824731204057186584 0.00000000099999999983 0.00000000099999999983 0.00000000099999999983 0.00000000099999999983 0.00000000099999999983 0.00191270691711436049 0.07586044822415614897 0.20931690232729829870 0.00000000099999999983 
0.22045837284247651877 0.41137854016559799453 0.02083424703879113715 0.00000000099999999994 0.00000000099999999994 0.00000000099999999994 0.01144189147959959012 0.05047436487613123079 0.03663186570681625093 0.24878071389058728502 0.00000000099999999994 
0.19900993689400009456 0.48904270879516764658 0.00000000099999999998 0.00683040066129295045 0.00000000099999999998 0.01372539429945948512 0.00669920017776883675 0.00000000099999999998 0.04274604446378727635 0.23153488913135253369 0.01041142257717121190 
0.13870924023892564070 0.63211265661507498592 0.00000000099999999991 0.02867626157816336938 0.16554184168918120723 0.00000000099999999991 0.00000000099999999991 0.00000000099999999991 0.00000000099999999991 0.03495999387865490055 0.00000000099999999991 
0.14656691458004453277 0.42037854406873093049 0.02058636228862044046 0.00000000099999999996 0.02508859325637256485 0.00706195078691048816 0.00544191048233307051 0.12806023399102708926 0.04255519811972335864 0.20426029042623783383 0.00000000099999999996 
0.08967815917717263108 0.62146286018405882956 0.00000000099999999994 0.00000000099999999994 0.12499419033112865729 0.03416078280637789566 0.00000000099999999994 0.00000000099999999994 0.00576983390387563345 0.11722444047255441146 0.00670972912483180309 
0.05150780044716888467 0.51768611814025067286 0.04496021918328925449 0.00000000099999999996 0.25262449235463468877 0.00000000099999999996 0.00000000099999999996 0.05678898547906036792 0.00000000099999999996 0.05447892797828087635 0.02195345241731536112 
0.22901679807754449225 0.43169087209830664387 0.05870357246260358985 0.00000000099999999999 0.10305048881047011722 0.00000000099999999999 0.01113332952364717854 0.00000000099999999999 0.02262614556499339263 0.13719264113703910635 0.00658614932539555286 
0.27411444487317893071 0.27063388074232175295 0.00000000099999999995 0.00225330106075727950 0.16013542983104822603 0.00000000099999999995 0.00000000099999999995 0.10888698152547265918 0.01548388860967240925 0.16849206935754870718 0.00000000099999999995 
0.00000000099999999996 0.10554622348917319652 0.09056688742657841018 0.13235906260636121079 0.41725765467880915338 0.00000000099999999996 0.00000000099999999996 0.00382159275428388097 0.00000000099999999996 0.22627422858177051457 0.02417434646302366041 
0.00000000099999999996 0.72272177823112149220 0.11928437076541416328 0.00592088667323677296 0.00445643773466003652 0.02327193859084786612 0.11695598257978878642 0.00000000099999999996 0.00535692595589317734 0.00000000099999999996 0.00203167646903771020 
0.00000000099999999992 0.70042959343945920825 0.14374101838839847822 0.00000000099999999992 0.01672817267690225942 0.05563433010323728251 0.07423925395904597269 0.00000000099999999992 0.00922762643295689348 0.00000000099999999992 0.00000000099999999992 
0.00000000099999999990 0.72836245086506823387 0.11291789933607759844 0.00000000099999999990 0.01220694187931621252 0.03292863347977437877 0.10007811721861263610 0.00000000099999999990 0.01350595222115109732 0.00000000099999999990 0.00000000099999999990 
0.01412788188568627791 0.64935746258369309025 0.08702648040435009835 0.01251703531838929857 0.05384271878489449437 0.02636720927098066755 0.10463075928432852280 0.01133683958850076334 0.01591763225646161337 0.00000000100000000000 0.02487597962271517055 
0.00595011751839207622 0.64047219543043798495 0.08159907609848682242 0.00000000100000000000 0.09816050995372849197 0.02542049700284090830 0.10563120559863072023 0.00852569153304202042 0.01064856609947085510 0.00282103902786840595 0.02077110073710191143 
0.00000000099999999980 0.00000000099999999980 0.54460635341730501136 0.10765649510417320267 0.23572290794221187338 0.00000000099999999980 0.00000000099999999980 0.00000000099999999980 0.00000000099999999980 0.00000000099999999980 0.11201423653631008281 
0.05141757191942257499 0.00000000099999999982 0.59215928972613929293 0.02412274583186908156 0.20560273372889675825 0.03409291503297767062 0.00000000099999999982 0.00000000099999999982 0.00000000099999999982 0.00000000099999999982 0.09260473876069477694 
0.03428270806529433445 0.06450140613145477486 0.51233761411159983723 0.03736474396545144683 0.22699702254553044689 0.02867181106431136717 0.00000000099999999992 0.00000000099999999992 0.00419189988020633297 0.01882553941655907767 0.07282725281959230579 
0.00000000099999999970 0.00000000099999999970 0.62130012249397004176 0.16719945557005397307 0.20656240016989702024 0.00000000099999999970 0.00000000099999999970 0.00000000099999999970 0.00000000099999999970 0.00000000099999999970 0.00493801476607903973 
0.00000000099999999990 0.01395118780153721365 0.57495150871818545557 0.12430208868754395735 0.26557691603622518572 0.00000000099999999990 0.00000000099999999990 0.00000000099999999990 0.00000000099999999990 0.00000000099999999990 0.02121829275650819607 
0.00000000099999999979 0.00000000099999999979 0.70550306378534810570 0.18537735302386651459 0.00000000099999999979 0.10911957519078538392 0.00000000099999999979 0.00000000099999999979 0.00000000099999999979 0.00000000099999999979 0.00000000099999999979 
0.16650242538763004863 0.02996967990661907055 0.32893011072566225028 0.04057319921855646883 0.18632065442485384876 0.04310238788363279783 0.00000000099999999996 0.03550895336290976062 0.05014609807359097365 0.03027735724209103252 0.08866913277445380437 
0.00000000099999999987 0.07376789988618984162 0.71213837711605643133 0.00000000099999999987 0.00000000099999999987 0.16978249405791337456 0.00000000099999999987 0.00000000099999999987 0.04431122193984040475 0.00000000099999999987 0.00000000099999999987 
0.01237405350078771282 0.15806386754339943335 0.47879377881625417857 0.01235192157441574075 0.09005048561923392758 0.15902818463187587406 0.00546821891218259547 0.01959149165921275290 0.00173830077595192763 0.02045892480130448443 0.04208077216538139848 
0.00000000099999999982 0.00000000099999999982 0.74770722189359606347 0.06511771604134757030 0.00000000099999999982 0.18258463076070988174 0.00000000099999999982 0.00000000099999999982 0.00459042430434645956 0.00000000099999999982 0.00000000099999999982 
0.01468363096113459686 0.20804850266491659028 0.17321604170102841702 0.00000000099999999993 0.01400349485533771907 0.05484375088516074692 0.00000000099999999993 0.00000000099999999993 0.00000000099999999993 0.53405489058051314188 0.00114968435190869770 
0.09976596355252087545 0.20345909973029543960 0.07579101682384278837 0.04374760044562954475 0.32407145885239513339 0.07049515494289590456 0.00000000099999999998 0.09722358818919457635 0.00695884561128490547 0.02572335627322328358 0.05276391457871763141 
0.06574734769731555017 0.26308507818149612367 0.00000000099999999992 0.01890729532346037411 0.45919687528397507004 0.00000000099999999992 0.00000000099999999992 0.11263726005111474038 0.00000000099999999992 0.03011513881060799008 0.05031100065203033406 
0.04365881955197303821 0.32031778506852931487 0.04591644590299399920 0.00000000099999999997 0.33671860211377041550 0.00000000099999999997 0.00085657420018413471 0.13427513838333099416 0.00000000099999999997 0.08199873952791554566 0.03625789225130259669 
0.02952559612256490384 0.36514590275200420333 0.00000000099999999997 0.01404293247331509994 0.34167766859792092493 0.00000000099999999997 0.00831941439129536831 0.10174745410167408688 0.00000000099999999997 0.07905460710854876616 0.06048642145267678349 
0.00406457389525207227 0.73624966085904319790 0.00000000099999999993 0.00000000099999999993 0.17174514327621681620 0.08781057151861720866 0.00000000099999999993 0.00000000099999999993 0.00000000099999999993 0.00013004445087090680 0.00000000099999999993 
0.00000000099999999995 0.59365078990706632300 0.03860706770671931687 0.00966836680879213338 0.22089803329010138100 0.03522025390020889352 0.00000000099999999995 0.07008289770485044701 0.00000000099999999995 0.00000000099999999995 0.03187258668226167213 
0.00000000099999999970 0.83067291806969967283 0.00000000099999999970 0.00000000099999999970 0.15745584950866095553 0.00000000099999999970 0.00000000099999999970 0.01187122442163951810 0.00000000099999999970 0.00000000099999999970 0.00000000099999999970 
0.00000000099999999975 0.76273667870803874003 0.00000000099999999975 0.00000000099999999975 0.23726331229196154227 0.00000000099999999975 0.00000000099999999975 0.00000000099999999975 0.00000000099999999975 0.00000000099999999975 0.00000000099999999975 
0.02488370257491422793 0.47878957522006448944 0.03863124590795646851 0.01421332514579652304 0.22795016860360040045 0.00824655581541517031 0.00683916777259404706 0.10732799817012567134 0.00854547869885457535 0.06199385499710642622 0.02257892709357180172 
0.00981999226120290787 0.53021926630271420944 0.27538142402749643534 0.00000000099999999999 0.06743328707158818824 0.05285504529419499803 0.01500824343027028565 0.01031735052919423822 0.03422706552603762414 0.00000000099999999999 0.00473832355730117571 
0.00000000099999999989 0.23508439783379458943 0.00000000099999999989 0.00000000099999999989 0.54565236099960523486 0.00000000099999999989 0.00000000099999999989 0.16071984929999699743 0.00308223123587969073 0.00000000099999999989 0.05546115463072373575 
0.00000000099999999983 0.75232963879180170252 0.00000000099999999983 0.00000000099999999983 0.20025839093230246579 0.00000000099999999983 0.00000000099999999983 0.01610819431138072952 0.00000000099999999983 0.00000000099999999983 0.03130376896451519259 
0.01042986727310537577 0.53410479916049458105 0.03857259803723778191 0.00000000099999999998 0.18911515793529967699 0.00796938135172174308 0.00136847441643019345 0.08198224723536154390 0.07308705730782130705 0.00000000099999999998 0.06337041528252779221 
0.03080765346483360645 0.38555680125587471485 0.16168428188636166376 0.01265791949071871057 0.15422761797882575396 0.06666418788258395012 0.01975430139904985755 0.05249981471845319159 0.02430045074383238926 0.02534686527461883776 0.06650010590484738138 
0.08022671831282314481 0.16592170224234831233 0.08477257791393805197 0.00000000099999999998 0.36438260282120260580 0.00090446704068775346 0.00000000099999999998 0.07963820111279598657 0.01857592635485821875 0.07832561602144970381 0.12725218617989633718 
0.00997485734679864899 0.74930958494205213150 0.00000000099999999988 0.00000000099999999988 0.17465730153586361828 0.00000000099999999988 0.00000000099999999988 0.03464914386623321046 0.00000000099999999988 0.00000000099999999988 0.03140910630905253964 
0.00000000159843523690 0.58637894855442029840 0.01923258290937878215 0.00650145969017528955 0.29134720781617085006 0.00000000099999999997 0.00000000099999999997 0.04480399693815960427 0.01191174444669269861 0.00000000099999999997 0.03982405504656725409 
0.00000000099999999991 0.68565642044773256192 0.00000000099999999991 0.01211684987162736475 0.21189731157278907103 0.00000000099999999991 0.00000000099999999991 0.05939668374021919023 0.00000000099999999991 0.00000000099999999991 0.03093272836763181349 
0.00000000099999999996 0.25291190338312019570 0.19526925161440325529 0.01250457652486138861 0.34076605220963712695 0.08261237856284044112 0.00000000099999999996 0.09362868161364898412 0.00968825914324115446 0.00000000099999999996 0.01261889394824755595 
0.01935573820392889541 0.34776272054185908278 0.02750499027025280277 0.01856448729209201481 0.44205906801050398602 0.04585465644025871201 0.00000000099999999997 0.06428364370407209372 0.00000000099999999997 0.00000000099999999997 0.03461469253703241405 
0.16248537999923082231 0.22765715803419239727 0.02035762314589757357 0.00000000099999999998 0.24896499215529357962 0.02645405138742985829 0.01289568322040082239 0.08882706337464467417 0.00000000099999999998 0.17141823636240793860 0.04093981032050238861 
0.00000000099999999992 0.13583388509082208739 0.12309872321336935708 0.03166994097246106366 0.38853413412025072926 0.00000000099999999992 0.00000000099999999992 0.16082600717932335477 0.01739836898175695784 0.10457368560886264042 0.03806525183315374178 
0.01022994148841726778 0.40759594850025765433 0.00000000099999999996 0.00000000099999999996 0.36166403944360547840 0.04675152231006657333 0.00000000099999999996 0.12106195354543512754 0.00000000099999999996 0.00000000099999999996 0.05269658971221793248 
0.08679110879224936903 0.21208417179356225946 0.00000000099999999986 0.06773475823877458946 0.24372934135316462467 0.21830417806252086499 0.00000000099999999986 0.14124968950948654789 0.00000000099999999986 0.03010674825024172233 0.00000000099999999986 
0.10356573372795684074 0.47685454635748053542 0.08249586740023662212 0.00000000099999999989 0.00000000099999999989 0.03042166888252646056 0.00000000099999999989 0.00000000099999999989 0.08075998124005706602 0.22590219739174255409 0.00000000099999999989 
0.00000000099999999985 0.19150341453930386226 0.09301676539576393676 0.03013508814087402857 0.11275997262862233472 0.54197291644173084535 0.00000000099999999985 0.01581101764707990714 0.01480082120662514628 0.00000000099999999985 0.00000000099999999985 
0.00000000099999999989 0.10319168575772090513 0.06110137377220285076 0.00567113459916377023 0.14908826720442688862 0.51415999173208304374 0.00000000099999999989 0.07671396902212089530 0.01824823114325664630 0.07182534376902520445 0.00000000099999999989 
0.00000000099999999991 0.15681659463959232714 0.00000000099999999991 0.05442391043224074215 0.18844642784861947993 0.46180188868384691725 0.00000000099999999991 0.05944268758015951171 0.00000000099999999991 0.01500641506243341299 0.06406207175310785207 
0.15247960286908243677 0.07597259062370756433 0.32492432133950366335 0.00000000099999999990 0.07079664345631306310 0.27327993698369618114 0.00000000099999999990 0.03564286715435920072 0.00000000099999999990 0.00000000099999999990 0.06690403357333787882 
0.00000000099999999985 0.00000000099999999985 0.52637163512627926920 0.06973678158539929617 0.31268510826009898729 0.00000000099999999985 0.00000000099999999985 0.00000000099999999985 0.00000000099999999985 0.00000000099999999985 0.09120646802822267307 
0.10410857308310321467 0.00000000099999999987 0.50015512071869550059 0.14216273339280113830 0.22830729064614199708 0.00000000099999999987 0.00000000099999999987 0.00000000099999999987 0.00000000099999999987 0.00000000099999999987 0.02526627615925807965 
0.00000000099999999788 0.00000000099999999788 0.00000000099999999788 0.99999998999999994975 0.00000000099999999788 0.00000000099999999788 0.00000000099999999788 0.00000000099999999788 0.00000000099999999788 0.00000000099999999788 0.00000000099999999788 
0.00000000099999999794 0.00000000099999999794 0.00000000099999999794 0.99999998999999983873 0.00000000099999999794 0.00000000099999999794 0.00000000099999999794 0.00000000099999999794 0.00000000099999999794 0.00000000099999999794 0.00000000099999999794 
0.00000000099999999790 0.00000000099999999790 0.00000000099999999790 0.99999998999999983873 0.00000000099999999790 0.00000000099999999790 0.00000000099999999790 0.00000000099999999790 0.00000000099999999790 0.00000000099999999790 0.00000000099999999790 
0.04921672685299453842 0.61598232628496463192 0.07637167018905793858 0.00000000099999999999 0.00718801462044534652 0.02027875525753832300 0.05375104769110497505 0.01518694693540735205 0.02676057292651611019 0.08995459033614350286 0.04530934790582728106 
0.02307241741037680330 0.61102054792532967120 0.07581130351535558809 0.00000000099999999997 0.09878340357626161361 0.04530648107087146409 0.07556852180653358952 0.01133634437271086384 0.02501297750577709256 0.00000000099999999997 0.03408800081678321076 
0.02065826140182066076 0.64160574303008000019 0.05671066894761817717 0.01321611743586967661 0.08910146610764321795 0.05243344663068371519 0.08950553433456448493 0.00000000099999999998 0.01498967060782117368 0.00000000099999999998 0.02177908950389909754 
0.00129769235329208312 0.70900921576603015417 0.00000000099999999998 0.00000000099999999998 0.09538485848829343638 0.03437626792690251509 0.09923646237358831057 0.00000000099999999998 0.00000144466738130799 0.02164286991206670549 0.03905118551244569219 
0.00000000099999999985 0.90174640343225576089 0.00000000099999999985 0.00000000099999999985 0.00000000099999999985 0.00000000099999999985 0.07049102537800121249 0.00000000099999999985 0.00000000099999999985 0.00000000099999999985 0.02776256318974323206 
0.00000000099999999985 0.89054946389333000667 0.00000000099999999985 0.00000000099999999985 0.00000000099999999985 0.00000000099999999985 0.06054669943724020481 0.00000000099999999985 0.00000000099999999985 0.00000000099999999985 0.04890382866942998702 
0.00000000099999999806 0.00000000099999999806 0.00000000099999999806 0.00000000099999999806 0.00000000099999999806 0.00000000099999999806 0.99999998999999983873 0.00000000099999999806 0.00000000099999999806 0.00000000099999999806 0.00000000099999999806 
0.00000000099999999774 0.00000000099999999774 0.00000000099999999774 0.00000000099999999774 0.00000000099999999774 0.00000000099999999774 0.99999998999999983873 0.00000000099999999774 0.00000000099999999774 0.00000000099999999774 0.00000000099999999774 
0.00000000099999999977 0.06187159987115332244 0.00000000099999999977 0.00000000099999999977 0.00000000099999999977 0.00000000099999999977 0.93812839112884660597 0.00000000099999999977 0.00000000099999999977 0.00000000099999999977 0.00000000099999999977 
0.00000000099999999827 0.00000000099999999827 0.00000000099999999827 0.00000000099999999827 0.00000000099999999827 0.00000000099999999827 0.99999998999999983873 0.00000000099999999827 0.00000000099999999827 0.00000000099999999827 0.00000000099999999827 
0.00000000099999999797 0.00000000099999999797 0.00000000099999999797 0.00000000099999999797 0.00000000099999999797 0.00000000099999999797 0.99999998999999972771 0.00000000099999999797 0.00000000099999999797 0.00000000099999999797 0.00000000099999999797 
0.00000000099999999745 0.00000000099999999745 0.00000000099999999745 0.00000000099999999745 0.00000000099999999745 0.00000000099999999745 0.99999998999999983873 0.00000000099999999745 0.00000000099999999745 0.00000000099999999745 0.00000000099999999745 
0.00000000099999999744 0.00000000099999999744 0.00000000099999999744 0.00000000099999999744 0.00000000099999999744 0.00000000099999999744 0.99999998999999972771 0.00000000099999999744 0.00000000099999999744 0.00000000099999999744 0.00000000099999999744 
0.29437850474731358519 0.45852176566118296730 0.02919057834621581124 0.00000000099999999996 0.01126943379041428321 0.01907087990183518877 0.03237396261115494528 0.00006166650563917914 0.00414697705749168029 0.15098622937875241790 0.00000000099999999996 
0.00000000099999999755 0.00000000099999999755 0.00000000099999999755 0.00000000099999999755 0.00000000099999999755 0.00000000099999999755 0.99999998999999983873 0.00000000099999999755 0.00000000099999999755 0.00000000099999999755 0.00000000099999999755 
0.00000000099999999771 0.00000000099999999771 0.00000000099999999771 0.00000000099999999771 0.00000000099999999771 0.00000000099999999771 0.99999998999999983873 0.00000000099999999771 0.00000000099999999771 0.00000000099999999771 0.00000000099999999771 
0.00000000099999999774 0.00000000099999999774 0.00000000099999999774 0.00000000099999999774 0.00000000099999999774 0.00000000099999999774 0.99999998999999983873 0.00000000099999999774 0.00000000099999999774 0.00000000099999999774 0.00000000099999999774 
0.00000000099999999790 0.00000000099999999790 0.00000000099999999790 0.00000000099999999790 0.00000000099999999790 0.00000000099999999790 0.99999998999999983873 0.00000000099999999790 0.00000000099999999790 0.00000000099999999790 0.00000000099999999790 
0.00000000099999999744 0.00000000099999999744 0.00000000099999999744 0.00000000099999999744 0.00000000099999999744 0.00000000099999999744 0.99999998999999983873 0.00000000099999999744 0.00000000099999999744 0.00000000099999999744 0.00000000099999999744 
0.00000000099999999751 0.00000000099999999751 0.00000000099999999751 0.00000000099999999751 0.00000000099999999751 0.00000000099999999751 0.99999998999999983873 0.00000000099999999751 0.00000000099999999751 0.00000000099999999751 0.00000000099999999751 
0.05732223942656551607 0.50361332755169507802 0.03458309639728965323 0.00088275846283482524 0.12138914475596054854 0.01793744206497699042 0.00000000099999999999 0.10542050013955960031 0.00000000099999999999 0.14274282335149096612 0.01610866584962704004 
0.24439497261952899954 0.34353673048718902372 0.04198227474732282166 0.01786640861285392762 0.00000000099999999997 0.00000000099999999997 0.00929794176055749773 0.00846578556791145395 0.04331752029774782464 0.29113836290688849262 0.00000000099999999997 
0.11656520606887699198 0.40735174890761649547 0.12667342843761952853 0.00000000099999999989 0.00000000099999999989 0.00682590038738465146 0.00642521412127025800 0.00000000099999999989 0.12518058209151419757 0.21097791598571793981 0.00000000099999999989 
0.23831318603782503107 0.36666396670073675423 0.08650232859402871843 0.00000000099999999998 0.01107444253154341550 0.00000000099999999998 0.00000001871229903703 0.01559790621282530765 0.08612180959472190422 0.19487681980951185312 0.00084951980650812035 
0.08630541280949984018 0.31076047772783677026 0.10091724072339473828 0.00000000099999999999 0.21358554603977350506 0.05070451297089310916 0.01474951095111047029 0.04096684703145116180 0.00585919072986633253 0.17615125901617390003 0.00000000099999999999 
0.13877551711790897526 0.41255154769589985619 0.11299615121464107181 0.00000000099999999987 0.00000000099999999987 0.00864666093174563943 0.00000000099999999987 0.00000000099999999987 0.16769088399102943798 0.15933923404877511909 0.00000000099999999987 
0.16341470193630827645 0.37958995126408318077 0.09096997116358308821 0.00000000099999999983 0.00000000099999999983 0.00000000099999999983 0.00000000099999999983 0.00000000099999999983 0.13412085128353973262 0.23190451835248576673 0.00000000099999999983 
0.15947177936337514348 0.44054231268350085848 0.11552511345408861265 0.00000000099999999991 0.00000000099999999991 0.00461779365006366981 0.00434376847026161569 0.00000000099999999991 0.10658705339133563161 0.16891217498737465252 0.00000000099999999991 
0.18939817758172203255 0.43555654665964477212 0.08269661771979075482 0.00000000099999999996 0.01803889914124551935 0.03143252274659513734 0.00000000099999999996 0.00000000099999999996 0.10543455318728538195 0.13744267896371653581 0.00000000099999999996 
0.06046277186869063180 0.49499679126950429930 0.16169788910190510678 0.02169245801298562426 0.00000000099999999991 0.00000000099999999991 0.00000000099999999991 0.00000000099999999991 0.13019823085674436802 0.13095185389017002797 0.00000000099999999991 
0.11722292363344408161 0.37833972083702321898 0.14926029379521871254 0.00921063823210391958 0.00000000099999999990 0.00000023159119269552 0.00498241245642642560 0.00000000099999999990 0.14608536610367126030 0.19489841035091956534 0.00000000099999999990 
0.05596915020467447405 0.49249368235169282970 0.16316076234710563675 0.02378084843555670555 0.00000000099999999990 0.00000000099999999990 0.00000000099999999990 0.00000000099999999990 0.13200293387872497064 0.13259261778224540329 0.00000000099999999990 
0.35658699440457031216 0.24005038180590010377 0.01259378601618294305 0.01338464185701291990 0.00000000099999999997 0.00000000099999999997 0.01993210264203170573 0.01181619504828501817 0.02084219138289865672 0.31144388406725914686 0.01334982077585932306 
0.28369845087780476423 0.19449022297190760034 0.03847234251062465332 0.01487331727490138859 0.00000000099999999999 0.00391168845953852439 0.00505065741077136490 0.04424531885319877428 0.06093257291321159397 0.35432542672804123729 0.00000000099999999999 
0.03025089382490397591 0.29386989438099181404 0.00000000099999999984 0.04042909977792795428 0.39876319792547376686 0.00000000099999999984 0.00000000099999999984 0.12894568726673488746 0.00000000099999999984 0.03856531535597285121 0.06917590746799485990 
0.00000000099999999998 0.17125127070136891838 0.01033328153321691652 0.17569246087375992027 0.24925793991562031349 0.04449053923967705854 0.00000000099999999998 0.11587957716187653745 0.00000000099999999998 0.03632153389939687949 0.19677339367508339674 
0.00000000099999999992 0.10943267768795206241 0.01908413033562006769 0.07890557348824484007 0.47801374732773660448 0.00200431846219469760 0.00000000099999999992 0.13707536318915733431 0.00000000099999999992 0.07430131544619371364 0.10118287106290096977 
0.38062062385957329269 0.17070504833899158292 0.01483821552043725241 0.00000000099999999989 0.00000000099999999989 0.00000000099999999989 0.00000000099999999989 0.04157211065084975149 0.02022058548023528829 0.37204341114991301698 0.00000000099999999989 
0.44165748730840986847 0.13825037789504190933 0.01243647721398630571 0.00000000099999999988 0.00000000099999999988 0.00000000099999999988 0.00000000099999999988 0.02805526844909778106 0.02993467039338829072 0.34966571374007571205 0.00000000099999999988 
0.46876145964926757559 0.23436540260840887928 0.00803041170207793864 0.00000000099999999991 0.00000000099999999991 0.00000000099999999991 0.00000000099999999991 0.03899402807337280091 0.02429349805404005039 0.22555519491283276823 0.00000000099999999991 
0.50322064655606357775 0.15635171080678594846 0.00815947998715408490 0.00004202679255496101 0.00000000099999999992 0.00000000099999999992 0.00718023788817285635 0.00210175405085694664 0.01404165735431314385 0.30890248356409866215 0.00000000099999999992 
0.31337560700375266531 0.23297095368052789244 0.01492783287067360985 0.03763024978245879670 0.05252697798032929244 0.00000000099999999998 0.00000000099999999998 0.06116219149605067740 0.03637182227584671163 0.23507518373254912558 0.01595917917781126960 
0.45098917641235442000 0.09385022063431254502 0.00000000099999999986 0.00000000099999999986 0.00000000099999999986 0.00000000099999999986 0.00000000099999999986 0.02795392533146486350 0.00657491998378795153 0.42063175163808025347 0.00000000099999999986 
0.28312136007566657270 0.23701015632757627127 0.01240957841798314559 0.00000000099999999998 0.02961768539164234132 0.00000000099999999998 0.00000000099999999998 0.00805394589826340622 0.00000000099999999998 0.42978726888886825686 0.00000000099999999998 
0.07191980802615861867 0.11605944249708682880 0.01741160546545121937 0.00986515330526855153 0.56513326295282473311 0.00119662202365904613 0.00000000099999999995 0.01623123034371793880 0.00000000099999999995 0.20218287238583321219 0.00000000099999999995 
0.31043304946431538038 0.07091128493996413928 0.00000000099999999987 0.04295613705236676211 0.34492065719391190592 0.00000000099999999987 0.00000000099999999987 0.05896592009895202519 0.00000000099999999987 0.13622277740040300564 0.03559016985008676970 
0.00000000099999999955 0.00000000099999999955 0.00000000099999999955 0.00000000099999999955 0.99999999000000006077 0.00000000099999999955 0.00000000099999999955 0.00000000099999999955 0.00000000099999999955 0.00000000099999999955 0.00000000099999999955 
0.13763555346030728610 0.10305674687103796860 0.00000000099999999990 0.00000000099999999990 0.61999324841827663235 0.00000000099999999990 0.00000000099999999990 0.05488284863859749924 0.00749784823414528876 0.07693374937763536314 0.00000000099999999990 
0.42750500703873439701 0.05101354697207338695 0.01650862904359861813 0.00000000099999999985 0.16339788202834495956 0.00000000099999999985 0.00000000099999999985 0.00000000099999999985 0.00000000099999999985 0.33004856271451771255 0.01152636720273081394 
0.64418636079781432802 0.07034988362427252451 0.00000000099999999985 0.00000000099999999985 0.04857039909083844809 0.00000000099999999985 0.00000000099999999985 0.00965452085148182579 0.00000000099999999985 0.22723882963559288717 0.00000000099999999985 
0.68170375393552740118 0.09855898414447851474 0.00000000099999999994 0.00000000099999999994 0.10617349696408460991 0.00000000099999999994 0.00000000099999999994 0.00000000099999999994 0.01202214881560775828 0.10154161010531256859 0.00000000103498933382 
0.26780325859386239218 0.16539277614656749948 0.00000000099999999988 0.00135933307348341066 0.18012360086060053010 0.00000000099999999988 0.00000000099999999988 0.00000000099999999988 0.00000000099999999988 0.38341541872264567337 0.00190560760284063020 
0.00000000099999999889 0.00000000099999999889 0.00000000099999999889 0.00000000099999999889 0.99999999000000006077 0.00000000099999999889 0.00000000099999999889 0.00000000099999999889 0.00000000099999999889 0.00000000099999999889 0.00000000099999999889 
0.21924554967091197666 0.30287480786149001410 0.02308846309051335727 0.05707178584033089502 0.10656258213757914544 0.00043287615612929965 0.01681340940058503527 0.05104595499556596749 0.07245995092425262796 0.14431157891925289194 0.00609304100338876366 
0.19196083597110780161 0.35695265323103420041 0.07007694407706431539 0.00000000099999999988 0.00000000099999999988 0.00605339648031556939 0.01074923628395040194 0.00000000099999999988 0.09444240720221416807 0.26976452275431361816 0.00000000099999999988 
0.31936577054973952494 0.32336266593211182574 0.00000000099999999993 0.00000000099999999993 0.06574601204564750612 0.00000000099999999993 0.01578353430547729808 0.05218439251939085977 0.02327842272661014358 0.20027919792102294450 0.00000000099999999993 
0.20597412766805972550 0.41096263999308529913 0.04397769689286244732 0.00106765469100031287 0.02800367201701116013 0.00398845236426657868 0.00000000099999999999 0.02215545774311074648 0.08988143988352897962 0.18776523108441775523 0.00622362666265710140 
0.21366735987688609266 0.34701971128501740704 0.06407501290374295611 0.00000000099999999989 0.00000000099999999989 0.00000000099999999989 0.01007278593943937949 0.08537168077747793460 0.00000000099999999989 0.27979344421743645999 0.00000000099999999989 
0.39606558121110368997 0.26880871446295268035 0.00000000099999999987 0.02766666089756881705 0.13624335461546133175 0.00000000099999999987 0.00000000099999999987 0.01569413968072954149 0.00189734093680122597 0.11198670471324666253 0.04163750048213615135 
0.37724420226540050782 0.28212016449211657632 0.00000000099999999994 0.00000000099999999994 0.00000000099999999994 0.00086999878023017319 0.00000000099999999994 0.01527835799017727980 0.00143520430867945747 0.32305206716339607276 0.00000000099999999994 
