0.00000000099999999952 0.00000000099999999952 0.99999999699999986280 0.00000000099999999952 
0.00000000099999999953 0.00000000099999999953 0.99999999699999986280 0.00000000099999999953 
0.00000000099999999952 0.00000000099999999952 0.99999999699999997382 0.00000000099999999952 
0.95279315495938554648 0.00040878789273580171 0.00280700820409289379 0.04399104894378586678 
0.65097484268772320970 0.06469669040696768292 0.22189800565305672908 0.06243046125225235748 
0.00000000099999999950 0.00000000099999999950 0.99999999699999986280 0.00000000099999999950 
0.00000000099999999949 0.00000000099999999949 0.99999999699999986280 0.00000000099999999949 
0.00000000099999999942 0.00000000099999999942 0.99999999699999986280 0.00000000099999999942 
0.00000000099999999954 0.00000000099999999954 0.99999999699999986280 0.00000000099999999954 
0.00000000099999999954 0.00000000099999999954 0.99999999699999997382 0.00000000099999999954 
0.00000000099999999938 0.00000000099999999938 0.99999999699999986280 0.00000000099999999938 
0.99999999700000008485 0.00000000099999999970 0.00000000099999999970 0.00000000099999999970 
0.99999999699999997382 0.00000000099999999970 0.00000000099999999970 0.00000000099999999970 
0.99651098178326835697 0.00000000099999999987 0.00348901621673161633 0.00000000099999999987 
0.99999999699999997382 0.00000000099999999969 0.00000000099999999969 0.00000000099999999969 
0.93677694459489924128 0.00000000099999999993 0.06322305340510077365 0.00000000099999999993 
0.99999999700000008485 0.00000000099999999968 0.00000000099999999968 0.00000000099999999968 
0.99999999700000008485 0.00000000099999999969 0.00000000099999999969 0.00000000099999999969 
0.97205061901929967760 0.00000000099999999990 0.02794937898070038937 0.00000000099999999990 
0.99999999700000008485 0.00000000099999999986 0.00000000099999999986 0.00000000099999999986 
0.94733824380897679873 0.00000000099999999993 0.05266175419102313293 0.00000000099999999993 
0.99936524378107105537 0.00000000099999999987 0.00063475421892892410 0.00000000099999999987 
0.99999999699999997382 0.00000000099999999975 0.00000000099999999975 0.00000000099999999975 
0.99999999700000008485 0.00000000099999999977 0.00000000099999999977 0.00000000099999999977 
0.99999999700000008485 0.00000000099999999967 0.00000000099999999967 0.00000000099999999967 
0.99999999700000008485 0.00000000099999999969 0.00000000099999999969 0.00000000099999999969 
0.99999999700000008485 0.00000000099999999968 0.00000000099999999968 0.00000000099999999968 
0.28486074578132641877 0.00000000099999999997 0.65436889129041653224 0.06077036192825698013 
0.51387728673633858989 0.00000000099999999997 0.18804324336292277398 0.29807946890073871993 
0.44479082251996354680 0.01572217240851392014 0.23885955861091384689 0.30062744646060879372 
0.45547965704085779937 0.00542919092953420349 0.20123248767024312644 0.33785866435936479091 
0.99999999700000008485 0.00000000099999999988 0.00000000099999999988 0.00000000099999999988 
0.99999999699999997382 0.00000000099999999989 0.00000000099999999989 0.00000000099999999989 
0.30556332025655796869 0.00789117713301271291 0.68654550161042915413 0.00000000099999999999 
0.99999999700000008485 0.00000000099999999989 0.00000000099999999989 0.00000000099999999989 
0.99999999699999997382 0.00000000099999999991 0.00000000099999999991 0.00000000099999999991 
0.45569909106970546420 0.06488637949356601542 0.11040718124321280413 0.36900734819351571625 
0.13153805213916650030 0.12776700951726027711 0.04245043760614445466 0.69824450073742883038 
0.17219261999265875196 0.08797863032404153183 0.02763831550430526085 0.71219043417899452475 
0.18132160790075993462 0.09281073268911933793 0.04449338480367713566 0.68137427460644350852 
0.41190066112264772658 0.05201073997510431007 0.01166285787675326591 0.52442574102549477377 
0.26685717461405461526 0.08055994173443380146 0.03254125372512174652 0.62004162992638989227 
0.31541002330827838662 0.04648590475569792935 0.07923020257320148585 0.55887386936282223981 
0.50133207930154466414 0.03901976215158346056 0.04767239976267772378 0.41197575878419423479 
0.29728893244280624186 0.06076697445667312431 0.05173506549944194982 0.59020902760107873952 
0.40117841775743079413 0.04885889842014069784 0.00001305167687008077 0.54994963214555847575 
0.64653677120115071730 0.03081901815575284129 0.02938247756064212707 0.29326173308245429006 
0.25587422209893240233 0.07853528176288178397 0.13872375405145329075 0.52686674208673256459 
0.24985479485729603089 0.08655097455605377521 0.17768817703686057285 0.48590605354978977370 
0.25445606851880164800 0.08926275771148715898 0.14849520350328196394 0.50778597026642935397 
0.27749832687942233012 0.07422918521212139298 0.12297790687870481519 0.52529458102975157274 
0.29272476603909630688 0.07051172361245591769 0.11040118197926536425 0.52636232836918250833 
0.69049505356860707561 0.03387371425085480836 0.14198617124249882093 0.13364506093803940612 
0.56613130012887225018 0.02943147974547901530 0.27113830297573249251 0.13329891714991623508 
0.55583626305200084516 0.06323827315775018554 0.21189503706085580093 0.16903042672939316837 
0.65489856523482292694 0.01453265655360248994 0.19547905687634775651 0.13508972133522692549 
0.60881996744734423466 0.05527652201531999682 0.22609507027964650949 0.10980844025768929373 
0.42474015992045210943 0.04867664239143464078 0.39146347680905024813 0.13511972087906301554 
0.51120322217220925953 0.08572602053929108401 0.15737424594451349114 0.24569651134398620695 
0.21155761141497655964 0.14631614993342453857 0.46908252855559451344 0.17304371009600427733 
0.32380172259831985215 0.06663951675175860956 0.37756140899086243490 0.23199735165905910339 
0.20640324584608460423 0.11170737706937279576 0.49562131984982726873 0.18626805723471528964 
0.10989779143895116176 0.05526364647442665728 0.14228717155117595605 0.69255139053544623184 
0.62834219328878171407 0.02704382708318110382 0.10295690339281317327 0.24165707623522400538 
0.73899065320898038589 0.01597392906380245073 0.00000000100000000000 0.24503541672721704248 
0.60333745174086328422 0.02046008083766796132 0.04830873459490494376 0.32789373282656375519 
0.62788732648856282470 0.02063412629139767251 0.01166983766195476765 0.33980870955808473166 
0.37727577375900239742 0.05377847624576602426 0.14037456891908550727 0.42857118107614622371 
0.50602395667665089896 0.03940176865137602624 0.10773545654096022828 0.34683881813101291591 
0.46381493054742412019 0.02842849451791672893 0.06104349513187375120 0.44671307980278551764 
0.51679176202067322876 0.03834935886273103944 0.04460394281739681055 0.40025493629919906002 
0.52922666180100141897 0.04835616804202230029 0.04907794642225411091 0.37333922373472222533 
0.29534074554366213095 0.11811633621312253584 0.20312670572757851595 0.38341621251563690054 
0.79777449508815168056 0.02256532628053491488 0.00000000099999999999 0.17966017763131322815 
0.50205248781978617512 0.05045234190398432961 0.05286736927403323794 0.39462780100219629897 
0.49559637442363951854 0.11960730964031220103 0.06237069042991361806 0.32242562550613468320 
0.42359167676648545875 0.07229334812836168966 0.17356354877977134277 0.33055142632538148106 
0.67238805398512202505 0.04312207839456343866 0.04143771005197193630 0.24305215756834269714 
0.46928540426017134601 0.03537492891517563659 0.03548343573354783426 0.45985623109110518314 
0.55505225908243671640 0.05428773490292814613 0.02710233214839071272 0.36355767386624449067 
0.51143601292583562579 0.03762313285146649811 0.05942439179903930696 0.39151646242365850670 
0.58121062238293585978 0.04321165836155529960 0.17993531895984732349 0.19564240029566160040 
0.65904478264646915164 0.02656508493765444984 0.06675655952315681652 0.24763357289271969996 
0.48001900692449950281 0.01300476322858644916 0.04272723052518107717 0.46424899932173285810 
0.72571489444056058726 0.04668951185016034094 0.02436065408413558633 0.20323493962514349587 
0.60915888071827162253 0.02738055026247931609 0.05928668510178244921 0.30417388391746663645 
0.54097876248167497959 0.00000000099999999999 0.23440198813874246753 0.22461924837958238688 
0.12355369098920417070 0.14382054197112242866 0.11007800584885400752 0.62254776119081944863 
0.26301195271446969892 0.05227510970102097060 0.61494137278641936017 0.06977156479809006051 
0.29764219854854512270 0.04129596585443268131 0.54917838042074151872 0.11188345517628071890 
0.43325598423357380984 0.01052074748690048391 0.47934875913808761005 0.07687450914143816039 
0.34349479983307279474 0.02493400533623653728 0.41320041405861851480 0.21837078077207217053 
0.70676472220161112858 0.03751036356834379359 0.15835819741728890397 0.09736671681275614609 
0.60424339731176834878 0.00985100628924111613 0.18765233513097168139 0.19825326126801892657 
0.99999999700000008485 0.00000000099999999976 0.00000000099999999976 0.00000000099999999976 
0.99999999700000008485 0.00000000099999999977 0.00000000099999999977 0.00000000099999999977 
0.99999999699999997382 0.00000000099999999975 0.00000000099999999975 0.00000000099999999975 
0.25892080822112234495 0.08129739143544259528 0.10108854426973554186 0.55869325607369946241 
0.32433098164615903336 0.08233610889782459752 0.12658197276993529701 0.46675093668608114150 
0.30866480563924719727 0.06256915606825717846 0.12472327234867923440 0.50404276594381647314 
0.29883034679937786615 0.05000212856220491442 0.09301774329218157056 0.55814978134623571826 
0.29894231798163500846 0.07561521539248906854 0.09689597758361563618 0.52854648904226042561 
0.32960259659398516430 0.07667251709937486503 0.08677577277140090251 0.50694911353523908204 
0.00000000099999999985 0.00000000099999999985 0.00000000099999999985 0.99999999700000008485 
0.00000000099999999984 0.00000000099999999984 0.00000000099999999984 0.99999999700000008485 
0.00000000099999999997 0.00107231443327365328 0.00828319547599026644 0.99064448909073610228 
0.00000000099999999990 0.00000000099999999990 0.00000000099999999990 0.99999999700000008485 
0.00000000099999999989 0.00000000099999999989 0.00000000099999999989 0.99999999699999997382 
0.00000000099999999982 0.00000000099999999982 0.00000000099999999982 0.99999999700000008485 
0.00000000099999999982 0.00000000099999999982 0.00000000099999999982 0.99999999699999997382 
0.16116983443363552819 0.03649965898104655382 0.06593343917792815478 0.73639706740738974933 
0.00000000099999999985 0.00000000099999999985 0.00000000099999999985 0.99999999699999997382 
0.00000000099999999984 0.00000000099999999984 0.00000000099999999984 0.99999999699999997382 
0.00000000099999999984 0.00000000099999999984 0.00000000099999999984 0.99999999700000008485 
0.00000000099999999986 0.00000000099999999986 0.00000000099999999986 0.99999999700000008485 
0.00000000099999999980 0.00000000099999999980 0.00000000099999999980 0.99999999700000008485 
0.00000000099999999982 0.00000000099999999982 0.00000000099999999982 0.99999999700000008485 
0.39876684113226912309 0.03738316675694588337 0.06941239365532145267 0.49443759845546358944 
0.17029709540054041583 0.08546535493230449088 0.03936552679944258643 0.70487202286771244442 
0.10716850961447264845 0.18987083656337358506 0.10163128587007982939 0.60132936795207403424 
0.19491149249077388550 0.14083324072828828921 0.04971298924812201508 0.61454227753281587265 
0.38334338170730813955 0.04102534660613634671 0.10321221032843348742 0.47241906135812211653 
0.10203122894719426905 0.22964653701657791740 0.09397988724531550209 0.57434234679091245024 
0.08926976134474970404 0.19902196162806432000 0.07021852243688840589 0.64148975459029766721 
0.14165371217389408076 0.17456622305285923735 0.07751000307518335353 0.60627006169806341163 
0.17953420127419070229 0.16386732386992430843 0.09816312930874672438 0.55843534554713825102 
0.18538771059948894182 0.20755377453271095511 0.10855720140522980011 0.49850131346257042786 
0.13810973528990372339 0.21274123000659053706 0.09434274274084683554 0.55480629196265884850 
0.18470240086550521186 0.21008888142426182521 0.10820805715327189156 0.49700066055696112688 
0.19326991014134031754 0.04781197709759509723 0.00838342378992489728 0.75053468897113972957 
0.18497684984330484137 0.08995723837294949954 0.03030773091413741654 0.69475818086960827724 
0.74451128420170720190 0.00000000099999999999 0.00636692332138628740 0.24912179147690652337 
0.78681126261422684731 0.01967056344218977987 0.06798808440818775167 0.12553008953539573911 
0.82337801289495526902 0.00000000099999999998 0.01467274718551839045 0.16194923891952628381 
0.11803678609317877490 0.04289751340151516656 0.00000000099999999999 0.83906569950530607294 
0.12490515336957314085 0.05387373418261866276 0.00000000099999999999 0.82122111144780807201 
0.16412723029313960876 0.05411183358435280033 0.00434593242830342251 0.77741500369420413197 
0.10444160404111188512 0.04035070303619911480 0.00000000099999999999 0.85520769192268897285 
0.30072791561737444166 0.06849065841284966705 0.00741476811151517857 0.62336665785826073094 
0.13018200288076886562 0.02867933205570460248 0.00000000099999999997 0.84113866406352655325 
0.18671585534391338390 0.02724135029617854795 0.01073395995110511258 0.77530883440880293822 
0.63705955354509402611 0.00564922452116846819 0.01025629689836046049 0.34703492503537708425 
0.56919832687951577022 0.00605322625110054323 0.00000000099999999995 0.42474844586938370616 
0.94578402688300700074 0.00000034559176205411 0.00000000099999999999 0.05421562652523091719 
0.66385101094675968980 0.01872199068238576333 0.00000000099999999998 0.31742699737085455780 
0.31715443669445581021 0.00000000099999999993 0.00000000099999999993 0.68284556130554407982 
0.18010330824333675714 0.00000000099999999999 0.00973185094401803064 0.81016483981264519887 
0.26258777048979370372 0.00704782391585081526 0.00000000099999999999 0.73036440459435558736 
0.32938496917288972998 0.00000000099999999994 0.00000000099999999994 0.67061502882711021556 
0.99999999700000008485 0.00000000099999999989 0.00000000099999999989 0.00000000099999999989 
0.35330483080137187191 0.10291325127502644332 0.03003039355843774988 0.51375152436516391408 
0.08909343138781858351 0.14933273125485349575 0.05821475908329962201 0.70335907827402832648 
0.21722367895728042497 0.05567499572745086139 0.01377442751419719752 0.71332689780107150224 
0.23201613921075972535 0.13317208836216401502 0.05072891456321525910 0.58408285786386093807 
0.18358296295336207216 0.04611038410483910693 0.03137982807408092739 0.73892682486771787964 
0.40995488111438976864 0.03515590027976612381 0.00000000099999999998 0.55488921760584397624 
0.15882742384895237597 0.03010681924456438951 0.01909597940935737689 0.79196977749712593742 
0.23647309738828189984 0.16636767077862196773 0.04067536836889307922 0.55648386346420308790 
0.05882259487986318119 0.06739017018549037230 0.87378723393464641234 0.00000000100000000000 
0.00000000099999999933 0.00000000099999999933 0.99999999699999997382 0.00000000099999999933 
0.00000000099999999932 0.00000000099999999932 0.99999999699999986280 0.00000000099999999932 
0.72029478496627530326 0.01888116452226133030 0.14656545768743195479 0.11425859282403144634 
0.67105958882786964637 0.05055068120044643037 0.16889802015537341839 0.10949170981631037303 
0.28559646283727413429 0.15919629429409476451 0.26239602444607063036 0.29281121842256047083 
0.32575578580645547788 0.11009537089651245945 0.04491799691595928928 0.51923084638107275257 
0.32777427094168865018 0.10892520603511696153 0.04472226369965050241 0.51857825932354373322 
0.32828510729423310277 0.10681570468876873392 0.04691055458654189853 0.51798863343045631336 
0.09905097324548818583 0.22622740924351292247 0.03730578791688175105 0.63741582959411713372 
0.22596026992046788773 0.04598128098972946443 0.03603740955273649488 0.69202103953706617379 
0.12920660814428783225 0.00000000099999999999 0.00560151222164443317 0.86519187863406776806 
0.24192982043269009584 0.01611127995702163473 0.02300596145536507736 0.71895293815492311573 
0.14170125915676465289 0.03415951385808969204 0.02987850624088803780 0.79426072074425768665 
0.12475295289581724012 0.01813353893991602808 0.02949954786522970829 0.82761396029903699922 
0.19928733322302086273 0.06933544104669464581 0.00864781992562424495 0.72272940580466027427 
0.19161814739207969072 0.04826279176596125903 0.00545615738714671193 0.75466290345481246149 
0.15905163169826641578 0.04842820482630492279 0.01486607577470923022 0.77765408770071942079 
0.00875087544030527832 0.00000000099999999992 0.00000000099999999992 0.99124912255969466202 
0.00000000099999999991 0.00000000099999999991 0.00000000099999999991 0.99999999700000008485 
0.00000000099999999991 0.00000000099999999991 0.00000000099999999991 0.99999999700000008485 
0.01298726362836484689 0.00615107197975994866 0.00000000099999999997 0.98086166339187519370 
0.00000000099999999983 0.00000000099999999983 0.00000000099999999983 0.99999999700000008485 
0.09680917442086003910 0.00000000099999999997 0.00000000099999999997 0.90319082357913982317 
0.21937599033780652569 0.00000000099999999993 0.00000000099999999993 0.78062400766219341985 
0.25187322298886000160 0.00268754230729336676 0.00000000099999999998 0.74543923370384657101 
0.13231857701141849781 0.08332567455600821404 0.06257869504595171828 0.72177705338662156986 
0.00000000099999999985 0.00000000099999999985 0.00000000099999999985 0.99999999700000008485 
0.17746719534359950421 0.00000000099999999989 0.00000000099999999989 0.82253280265640038582 
0.17766610646212885327 0.02343902718430068699 0.00000000099999999999 0.79889486535357034924 
0.18260555309766768328 0.02031836626895084860 0.00000000099999999999 0.79707607963338156232 
0.25987950000616616419 0.14883036407326150075 0.49626997746842749226 0.09502015845214492606 
0.20886466440107556708 0.12591445960597183462 0.11793725130702707726 0.54728362468592561818 
0.21303781646043432052 0.12441468098697469613 0.29462191697507394972 0.36792558557751703363 
0.27447974171811612143 0.06894624996886702939 0.44687002020465321772 0.20970398810836365922 
0.26806468278547862516 0.05934028298214488045 0.09892841824844744725 0.57366661598392909571 
0.24067254037701449332 0.08275639340819031242 0.45249506410826617619 0.22407600210652903194 
0.05215151916128232812 0.00000000099999999992 0.00000000099999999992 0.94784847883871770069 
0.14517386119421729629 0.00000000099999999992 0.00000000099999999992 0.85482613680578278803 
0.22584112157200378346 0.02747163151299053183 0.00557626737082782004 0.74111097954417792799 
0.00000000099999999986 0.00000000099999999986 0.00000000099999999986 0.99999999700000008485 
0.18720014218125455296 0.00000000099999999992 0.00000000099999999992 0.81279985581874547584 
0.00954289507843541877 0.00000000099999999994 0.00000000099999999994 0.99045710292156463606 
0.18458197214832594568 0.03437465559344268090 0.05825033566504615734 0.72279303659318527853 
0.14993370386078988532 0.00000000099999999991 0.00000000099999999991 0.85006629413921008798 
0.02343064992951933781 0.00897286550192004199 0.00000000099999999994 0.96759648356856065021 
0.00000000099999999986 0.00000000099999999986 0.00000000099999999986 0.99999999699999997382 
0.25376363610633156931 0.05375852434006417324 0.03719506245473247485 0.65528277709887183811 
0.16745721407389796420 0.04826592297757835437 0.03087038074570255114 0.75340648220282113723 
0.17098328952840929906 0.08848270246248539361 0.02673699241998704970 0.71379701558911823334 
0.22859785017478539970 0.08219837723348627501 0.02484608225232907974 0.66435769033939928718 
0.26906262909450251453 0.12184572480623445667 0.36242244532349421338 0.24666920077576881543 
0.22504460340300452836 0.09071200996618275503 0.25226972274199555013 0.43197366388881719423 
0.36729010370810605268 0.07190661366697005674 0.17052709322890061139 0.39027618939602326531 
0.22513751431652881396 0.15010491233448930437 0.53615032405329798859 0.08860724929568396246 
0.21501056875837945559 0.09146660742404848221 0.32064965756502172844 0.37287316625255045865 
0.22236409498276116237 0.13450214709693505966 0.41247949105827264038 0.23065426686203124862 
0.19819464802640307521 0.11119789239618191323 0.52353970132027982665 0.16706775825713504613 
0.16405795691224550614 0.03819592861672210793 0.13009856269783592886 0.66764755177319645707 
0.23322977176803083577 0.11941535271216584257 0.56042158295300603665 0.08693329256679732664 
0.20949295323035943550 0.09627771437270937760 0.51414027368267234408 0.18008905871425878731 
0.00000000099999999987 0.00000000099999999987 0.00000000099999999987 0.99999999699999997382 
0.09567690654143348739 0.00000000099999999995 0.00000000099999999995 0.90432309145856648591 
0.22086865100249128413 0.14898132695838756101 0.47247227482352410766 0.15767774721559707496 
0.22268935073579748662 0.09364250120805407696 0.46764806079290988094 0.21602008726323856935 
0.99999999700000008485 0.00000000099999999983 0.00000000099999999983 0.00000000099999999983 
0.43312466086847672964 0.00000000099999999996 0.00000000099999999996 0.56687533713152327142 
0.21315247321972649597 0.00298695966312869385 0.00000000099999999998 0.78386056611714483022 
0.36314534798772873936 0.00000000099999999992 0.00000000099999999992 0.63685465001227115067 
0.36197170122638144818 0.00000000099999999992 0.00000000099999999992 0.63802829677361849736 
0.43667314360344317015 0.00000000099999999996 0.00000000099999999996 0.56332685439655683091 
0.99999999700000008485 0.00000000099999999985 0.00000000099999999985 0.00000000099999999985 
0.43270025032102049645 0.00000000099999999997 0.00000000099999999997 0.56729974767897961563 
0.79234125456862125603 0.00000000099999999999 0.00000000099999999999 0.20765874343137874503 
0.13703939806919440692 0.02912771293856574600 0.00936286000861247941 0.82447002898362742318 
0.32516520744694143996 0.00000000099999999997 0.00000000099999999997 0.67483479055305861660 
0.85612808270191298465 0.00000000099999999992 0.00000000099999999992 0.14387191529808696089 
0.99999999699999997382 0.00000000099999999981 0.00000000099999999981 0.00000000099999999981 
0.33782523014177512355 0.00000000099999999994 0.00000000099999999994 0.66217476785822482199 
0.99999999699999997382 0.00000000099999999987 0.00000000099999999987 0.00000000099999999987 
0.89552438989571658823 0.01381838184286933793 0.00000000099999999998 0.09065722726141414722 
0.59398397086480769769 0.01178218378918622668 0.00000000099999999999 0.39423384434600600157 
0.30913395844505364707 0.00223501835547093748 0.00000000099999999999 0.68863102219947547322 
0.22869758748353977151 0.00000126317401164646 0.00000000099999999999 0.77130114834244867250 
0.76234779359495141726 0.03795931673534343881 0.00000000099999999998 0.19969288866970524854 
0.90496997405600143605 0.00000000099999999992 0.00000000099999999992 0.09503002394399862052 
0.85741326103092396771 0.00000000099999999987 0.00000000099999999987 0.14258673696907608885 
0.91191118171603957610 0.00000000099999999992 0.00000000099999999992 0.08808881628396046659 
0.87729428324810510009 0.00002307887718550027 0.00000000099999999995 0.12268263687470942758 
0.85867646398638342031 0.00000000099999999989 0.00000000099999999989 0.14132353401361655298 
0.74509564094719804572 0.00000000099999999994 0.00000000099999999994 0.25490435705280206635 
0.82494374657006219742 0.00000000099999999995 0.00000000099999999995 0.17505625142993788690 
0.95217259459626413243 0.00000000099999999989 0.00000000099999999989 0.04782740340373585475 
0.72697877892296014490 0.00000000099999999999 0.00000000099999999999 0.27302121907704002268 
0.00000000099999999942 0.99999999700000008485 0.00000000099999999942 0.00000000099999999942 
0.00000000099999999929 0.99999999699999997382 0.00000000099999999929 0.00000000099999999929 
0.00000000099999999935 0.99999999699999997382 0.00000000099999999935 0.00000000099999999935 
0.00000000099999999932 0.99999999700000008485 0.00000000099999999932 0.00000000099999999932 
0.00000000099999999934 0.99999999699999997382 0.00000000099999999934 0.00000000099999999934 
0.02181211735049737657 0.87879901669672411124 0.04555980567485962140 0.05382906027791889425 
0.00000000099999999943 0.99999999699999997382 0.00000000099999999943 0.00000000099999999943 
0.00000000099999999930 0.99999999700000008485 0.00000000099999999930 0.00000000099999999930 
0.00000000099999999934 0.99999999700000008485 0.00000000099999999934 0.00000000099999999934 
0.00000000099999999931 0.99999999699999997382 0.00000000099999999931 0.00000000099999999931 
0.00000000099999999961 0.00000000099999999961 0.99999999699999997382 0.00000000099999999961 
0.00000000099999999953 0.00000000099999999953 0.99999999699999997382 0.00000000099999999953 
0.00000000099999999938 0.00000000099999999938 0.99999999699999986280 0.00000000099999999938 
0.00000000099999999937 0.00000000099999999937 0.99999999699999986280 0.00000000099999999937 
0.00000000099999999937 0.00000000099999999937 0.99999999699999986280 0.00000000099999999937 
0.00000000099999999940 0.00000000099999999940 0.99999999699999997382 0.00000000099999999940 
0.00000000099999999940 0.00000000099999999940 0.99999999699999997382 0.00000000099999999940 
0.05979065697955254083 0.06660768348767938385 0.87360165853276805503 0.00000000100000000000 
