0.00000000099999999792 0.00000000099999999792 0.00000000099999999792 0.00000000099999999792 0.00000000099999999792 0.00000000099999999792 0.00000000099999999792 0.00000000099999999792 0.00000000099999999792 0.00000000099999999792 0.99999998699999970153 0.00000000099999999792 0.00000000099999999792 0.00000000099999999792 
0.00000000099999999796 0.00000000099999999796 0.00000000099999999796 0.00000000099999999796 0.00000000099999999796 0.00000000099999999796 0.00000000099999999796 0.00000000099999999796 0.00000000099999999796 0.00000000099999999796 0.99999998699999981255 0.00000000099999999796 0.00000000099999999796 0.00000000099999999796 
0.00000000099999999790 0.00000000099999999790 0.00000000099999999790 0.00000000099999999790 0.00000000099999999790 0.00000000099999999790 0.00000000099999999790 0.00000000099999999790 0.00000000099999999790 0.00000000099999999790 0.99999998699999981255 0.00000000099999999790 0.00000000099999999790 0.00000000099999999790 
0.00536452876953530128 0.00000008438815213561 0.20041825417281208810 0.00028947031446328593 0.00148798655955286493 0.00000002221041357589 0.00000327734572184567 0.73054727060247492965 0.00013315009653908810 0.00000000100000000000 0.00000060557403437864 0.00000196897940749141 0.00000001001263958043 0.06175336997425359686 
0.00000000099999999999 0.00000000099999999999 0.00000000099999999999 0.00000000099999999999 0.00000000099999999999 0.00000000099999999999 0.00000000099999999999 0.00000042076589866204 0.00019283082716812364 0.00000000099999999999 0.00000000099999999999 0.00000000099999999999 0.00000000099999999999 0.99980673740693315477 
0.00000000099999999771 0.00000000099999999771 0.00000000099999999771 0.00000000099999999771 0.00000000099999999771 0.00000000099999999771 0.00000000099999999771 0.00000000099999999771 0.00000000099999999771 0.00000000099999999771 0.99999998699999970153 0.00000000099999999771 0.00000000099999999771 0.00000000099999999771 
0.00000000099999999771 0.00000000099999999771 0.00000000099999999771 0.00000000099999999771 0.00000000099999999771 0.00000000099999999771 0.00000000099999999771 0.00000000099999999771 0.00000000099999999771 0.00000000099999999771 0.99999998699999970153 0.00000000099999999771 0.00000000099999999771 0.00000000099999999771 
0.00000000099999999742 0.00000000099999999742 0.00000000099999999742 0.00000000099999999742 0.00000000099999999742 0.00000000099999999742 0.00000000099999999742 0.00000000099999999742 0.00000000099999999742 0.00000000099999999742 0.99999998699999970153 0.00000000099999999742 0.00000000099999999742 0.00000000099999999742 
0.00000000099999999781 0.00000000099999999781 0.00000000099999999781 0.00000000099999999781 0.00000000099999999781 0.00000000099999999781 0.00000000099999999781 0.00000000099999999781 0.00000000099999999781 0.00000000099999999781 0.99999998699999981255 0.00000000099999999781 0.00000000099999999781 0.00000000099999999781 
0.00000000099999999780 0.00000000099999999780 0.00000000099999999780 0.00000000099999999780 0.00000000099999999780 0.00000000099999999780 0.00000000099999999780 0.00000000099999999780 0.00000000099999999780 0.00000000099999999780 0.99999998699999970153 0.00000000099999999780 0.00000000099999999780 0.00000000099999999780 
0.00000000099999999719 0.00000000099999999719 0.00000000099999999719 0.00000000099999999719 0.00000000099999999719 0.00000000099999999719 0.00000000099999999719 0.00000000099999999719 0.00000000099999999719 0.00000000099999999719 0.99999998699999981255 0.00000000099999999719 0.00000000099999999719 0.00000000099999999719 
0.00000000099999999685 0.00000000099999999685 0.00000000099999999685 0.00000000099999999685 0.00000000099999999685 0.00000000099999999685 0.00000000099999999685 0.99999998699999970153 0.00000000099999999685 0.00000000099999999685 0.00000000099999999685 0.00000000099999999685 0.00000000099999999685 0.00000000099999999685 
0.00000000099999999681 0.00000000099999999681 0.00000000099999999681 0.00000000099999999681 0.00000000099999999681 0.00000000099999999681 0.00000000099999999681 0.99999998699999970153 0.00000000099999999681 0.00000000099999999681 0.00000000099999999681 0.00000000099999999681 0.00000000099999999681 0.00000000099999999681 
0.00000000099999999742 0.00000000099999999742 0.00000000099999999742 0.00000000099999999742 0.00000000099999999742 0.00000000099999999742 0.00000000099999999742 0.00000000099999999742 0.00000000099999999742 0.00000000099999999742 0.00000000099999999742 0.99999998699999992358 0.00000000099999999742 0.00000000099999999742 
0.00000000099999999795 0.00000000099999999795 0.00000000099999999795 0.00000000099999999795 0.00000000099999999795 0.00000000099999999795 0.00000000099999999795 0.58326516461192190466 0.00000000099999999795 0.00000000099999999795 0.00000000099999999795 0.41673482338807793512 0.00000000099999999795 0.00000000099999999795 
0.00000000099999999913 0.00000000099999999913 0.00000000099999999913 0.00000000099999999913 0.00000000099999999913 0.00000000099999999913 0.00000000099999999913 0.26090195910607150154 0.21263536993946621778 0.00000000099999999913 0.00000000099999999913 0.52646265995446217545 0.00000000099999999913 0.00000000099999999913 
0.00000000099999999731 0.00000000099999999731 0.00000000099999999731 0.00000000099999999731 0.00000000099999999731 0.00000000099999999731 0.00000000099999999731 0.99999998699999992358 0.00000000099999999731 0.00000000099999999731 0.00000000099999999731 0.00000000099999999731 0.00000000099999999731 0.00000000099999999731 
0.00000000099999999685 0.00000000099999999685 0.00000000099999999685 0.00000000099999999685 0.00000000099999999685 0.00000000099999999685 0.00000000099999999685 0.99999998699999981255 0.00000000099999999685 0.00000000099999999685 0.00000000099999999685 0.00000000099999999685 0.00000000099999999685 0.00000000099999999685 
0.00000000099999999860 0.00000000099999999860 0.00000000099999999860 0.00000000099999999860 0.00000000099999999860 0.00000000099999999860 0.00000000099999999860 0.22171081825432967238 0.00000000099999999860 0.00000000099999999860 0.00000000099999999860 0.77828916974567030618 0.00000000099999999860 0.00000000099999999860 
0.00000000099999999875 0.00000000099999999875 0.00000000099999999875 0.00000000099999999875 0.00000000099999999875 0.00000000099999999875 0.00000000099999999875 0.64896098654271705541 0.00000000099999999875 0.00000000099999999875 0.00000000099999999875 0.35103900145728295090 0.00000000099999999875 0.00000000099999999875 
0.00000000099999999918 0.00000000099999999918 0.00000000099999999918 0.00000000099999999918 0.00000000099999999918 0.00000000099999999918 0.00000000099999999918 0.32128471526361906951 0.00000000099999999918 0.00000000099999999918 0.00000000099999999918 0.67871527273638088129 0.00000000099999999918 0.00000000099999999918 
0.00000000099999999742 0.00000000099999999742 0.00000000099999999742 0.00000000099999999742 0.00000000099999999742 0.00000000099999999742 0.00000000099999999742 0.00000000099999999742 0.00000000099999999742 0.00000000099999999742 0.00000000099999999742 0.99999998699999992358 0.00000000099999999742 0.00000000099999999742 
0.00000000099999999824 0.00000000099999999824 0.00000000099999999824 0.00000000099999999824 0.00000000099999999824 0.00000000099999999824 0.00000000099999999824 0.93373920696770973393 0.00000000099999999824 0.00000000099999999824 0.00000000099999999824 0.06626078103229018912 0.00000000099999999824 0.00000000099999999824 
0.00000000099999999800 0.00000000099999999800 0.00000000099999999800 0.00000000099999999800 0.00000000099999999800 0.00000000099999999800 0.00000000099999999800 0.56211680442703992888 0.00000000099999999800 0.00000000099999999800 0.00000000099999999800 0.43788318357296002192 0.00000000099999999800 0.00000000099999999800 
0.00000000099999999763 0.00000000099999999763 0.00000000099999999763 0.00000000099999999763 0.00000000099999999763 0.00000000099999999763 0.00000000099999999763 0.91050408749444478040 0.00000000099999999763 0.00000000099999999763 0.00000000099999999763 0.08949590050555523979 0.00000000099999999763 0.00000000099999999763 
0.00000000099999999678 0.00000000099999999678 0.00000000099999999678 0.00000000099999999678 0.00000000099999999678 0.00000000099999999678 0.00000000099999999678 0.99999998699999981255 0.00000000099999999678 0.00000000099999999678 0.00000000099999999678 0.00000000099999999678 0.00000000099999999678 0.00000000099999999678 
0.00000000099999999793 0.00000000099999999793 0.00000000099999999793 0.00000000099999999793 0.00000000099999999793 0.00000000099999999793 0.00000000099999999793 0.84837895150157582869 0.00000000099999999793 0.00000000099999999793 0.00000000099999999793 0.15162103649842409436 0.00000000099999999793 0.00000000099999999793 
0.00000000099999999980 0.09045488076782703946 0.04639263135930747628 0.17011156919389708309 0.00000000099999999980 0.01981594240717190342 0.00000000099999999980 0.00933227648910939581 0.00000000099999999980 0.00000000099999999980 0.64740237255537880223 0.00000000099999999980 0.00000000099999999980 0.01649032022730806055 
0.00000000099999999846 0.99999998700000014562 0.00000000099999999846 0.00000000099999999846 0.00000000099999999846 0.00000000099999999846 0.00000000099999999846 0.00000000099999999846 0.00000000099999999846 0.00000000099999999846 0.00000000099999999846 0.00000000099999999846 0.00000000099999999846 0.00000000099999999846 
0.00000000099999999862 0.99999998700000014562 0.00000000099999999862 0.00000000099999999862 0.00000000099999999862 0.00000000099999999862 0.00000000099999999862 0.00000000099999999862 0.00000000099999999862 0.00000000099999999862 0.00000000099999999862 0.00000000099999999862 0.00000000099999999862 0.00000000099999999862 
0.00000000099999999860 0.99999998700000025664 0.00000000099999999860 0.00000000099999999860 0.00000000099999999860 0.00000000099999999860 0.00000000099999999860 0.00000000099999999860 0.00000000099999999860 0.00000000099999999860 0.00000000099999999860 0.00000000099999999860 0.00000000099999999860 0.00000000099999999860 
0.00000000099999999869 0.00000000099999999869 0.00000000099999999869 0.99999998700000014562 0.00000000099999999869 0.00000000099999999869 0.00000000099999999869 0.00000000099999999869 0.00000000099999999869 0.00000000099999999869 0.00000000099999999869 0.00000000099999999869 0.00000000099999999869 0.00000000099999999869 
0.00000000099999999880 0.00000000099999999880 0.00000000099999999880 0.99999998700000014562 0.00000000099999999880 0.00000000099999999880 0.00000000099999999880 0.00000000099999999880 0.00000000099999999880 0.00000000099999999880 0.00000000099999999880 0.00000000099999999880 0.00000000099999999880 0.00000000099999999880 
0.00000000099999999978 0.24291461105943226717 0.00908389491076798915 0.12464052863058797116 0.00000000099999999978 0.00000000099999999978 0.00000000099999999978 0.00000000099999999978 0.00782814666890122197 0.00000000099999999978 0.58854950856874743703 0.01274876587457863739 0.00000000099999999978 0.01423453728698434971 
0.00000000099999999879 0.00000000099999999879 0.00000000099999999879 0.99999998700000014562 0.00000000099999999879 0.00000000099999999879 0.00000000099999999879 0.00000000099999999879 0.00000000099999999879 0.00000000099999999879 0.00000000099999999879 0.00000000099999999879 0.00000000099999999879 0.00000000099999999879 
0.00000000099999999881 0.00000000099999999881 0.00000000099999999881 0.99999998700000003460 0.00000000099999999881 0.00000000099999999881 0.00000000099999999881 0.00000000099999999881 0.00000000099999999881 0.00000000099999999881 0.00000000099999999881 0.00000000099999999881 0.00000000099999999881 0.00000000099999999881 
0.02255087106845549833 0.06833634119084983083 0.00000000099999999999 0.19191869768116120998 0.01108062730016416871 0.00000000099999999999 0.06867820651917362629 0.02157849186992677470 0.05904755309139184116 0.01330241106160987181 0.02443375476723942327 0.02650207298447173135 0.49257096946555589678 0.00000000099999999999 
0.00000000099999999973 0.09976567430784402668 0.15437892984135348495 0.00000000099999999973 0.00000000099999999973 0.20620091293671452548 0.00000000099999999973 0.00000000099999999973 0.00000000099999999973 0.07644962673530474040 0.00000000099999999973 0.00000000099999999973 0.43909544260148258843 0.02410940557730049255 
0.00330469941586562094 0.01280979474672186251 0.21967930149316336474 0.00000000099999999993 0.04562836298988751094 0.25763598138895743572 0.00725897375475532351 0.00000000099999999993 0.00000000099999999993 0.03608967790094497891 0.00000000099999999993 0.00000000099999999993 0.39712332776749875718 0.02046987554220505712 
0.00000000099999999993 0.00000000099999999993 0.19620626718272063393 0.00000000099999999993 0.00000000099999999993 0.23576353195529684004 0.00000000099999999993 0.00789945193389540723 0.00000000099999999993 0.03947095485871307541 0.01246090324517974343 0.00747436737180586560 0.44448574228192738733 0.05623877517046105279 
0.00000000099999999983 0.06525400171135256611 0.13859272303439462704 0.12574603348818125248 0.00000000099999999983 0.02488276149365702128 0.00000000099999999983 0.00000000099999999983 0.00000000099999999983 0.00000000099999999983 0.00000000099999999983 0.03303187166802712404 0.61249260060438714959 0.00000000099999999983 
0.00000000099999999994 0.03145114955965064296 0.14434786395945467530 0.00000000099999999994 0.12359637016382965524 0.20619981020199090738 0.00000000099999999994 0.00000000099999999994 0.02870387816309252424 0.04085797299640150232 0.00221576864652432573 0.00000000099999999994 0.39633501653961533684 0.02629216476944048336 
0.00000000099999999990 0.00000000099999999990 0.09949509504044037889 0.10599448450782884834 0.00000000099999999990 0.12327526353376980217 0.00000000099999999990 0.00000000099999999990 0.03503837299899701524 0.00000000099999999990 0.02603039822419253579 0.00000000099999999990 0.59564702827224957904 0.01451935042252171584 
0.00000000099999999993 0.05657073331904105551 0.05978909588768923505 0.21391170173166773605 0.05630985178947002512 0.05023255352631997989 0.01302463805524643921 0.01757311057632687801 0.03704383603967720262 0.00000000099999999993 0.00000000099999999993 0.00000000099999999993 0.45530806041790244931 0.04023641465665919043 
0.00000000099999999995 0.02103752556488815151 0.23900116939697108043 0.09535242170632411696 0.00000000099999999995 0.13526040520948054424 0.05765186308132429910 0.00000000099999999995 0.00000000099999999995 0.01470308664862460778 0.00000000099999999995 0.00000000099999999995 0.43699060748311518987 0.00000291490927209640 
0.00000000099999999988 0.21191296269381576511 0.25706581233690095623 0.09048688535502429076 0.07967792271615714572 0.15506595565512873436 0.00000000099999999988 0.00000000099999999988 0.00000000099999999988 0.01730136098743677298 0.00000000099999999988 0.00000000099999999988 0.17228792225062514176 0.01620117200491147380 
0.00000000099999999976 0.08129352470313969126 0.00000000099999999976 0.24506694297133929661 0.01067038910238516693 0.19318704938045233588 0.00000000099999999976 0.00722073175609202426 0.37229284902337234087 0.00000000099999999976 0.00000000099999999976 0.09026850606321915049 0.00000000099999999976 0.00000000099999999976 
0.08072934577271866086 0.00000000099999999987 0.00000000099999999987 0.00000000099999999987 0.00000000099999999987 0.00000000099999999987 0.07259828676519243518 0.00000000099999999987 0.00000000099999999987 0.00000000099999999987 0.01925141571283049691 0.01165521039044247441 0.81576573235881599810 0.00000000099999999987 
0.04064729653447708702 0.00000000099999999987 0.00000000099999999987 0.00000000099999999987 0.00000000099999999987 0.00000000099999999987 0.11554476814092172476 0.00000000099999999987 0.00000000099999999987 0.00000000099999999987 0.05159659035558768203 0.00000000099999999987 0.79221133496901352533 0.00000000099999999987 
0.06142159990209400400 0.00000000099999999981 0.00000000099999999981 0.00000000099999999981 0.00000000099999999981 0.00000000099999999981 0.06923663428387247243 0.00000000099999999981 0.00000000099999999981 0.00216114734997401199 0.03033310648190081990 0.00000000099999999981 0.83684750298215881958 0.00000000099999999981 
0.07903237940890217583 0.00000000099999999999 0.01225207439110794980 0.04109170777407196440 0.00991069061882926192 0.00000000099999999999 0.06848860874772969010 0.01421323863797580023 0.00000000099999999999 0.00584992455432379460 0.02336145292346389346 0.02731790724965615577 0.70184181223148156548 0.01664020046245759041 
0.07822297304877669222 0.00000000099999999999 0.00516071605059450871 0.08326404214161785278 0.00868854678363811458 0.00187764069424191989 0.05873684106113788439 0.00991929184306707123 0.00700201337418622331 0.00418796244481051041 0.02458548840471945149 0.01029057138185284458 0.70695258186295606428 0.00111132990840082557 
0.00000000099999999902 0.00000000099999999902 0.00000000099999999902 0.00000000099999999902 0.00000000099999999902 0.00000000099999999902 0.00000000099999999902 0.04175867762587896770 0.95824131037412108025 0.00000000099999999902 0.00000000099999999902 0.00000000099999999902 0.00000000099999999902 0.00000000099999999902 
0.00000000099999999960 0.01128013152815542965 0.00000000099999999960 0.00000000099999999960 0.00000000099999999960 0.00000000099999999960 0.09010235655613844930 0.00000000099999999960 0.85353559278111090780 0.00000000099999999960 0.04508190913459525495 0.00000000099999999960 0.00000000099999999960 0.00000000099999999960 
0.00000000099999999958 0.00000000099999999958 0.00000000099999999958 0.00000000099999999958 0.00000000099999999958 0.00000000099999999958 0.00000000099999999958 0.00000000099999999958 0.98919394074398958594 0.00000000099999999958 0.01080604725601042385 0.00000000099999999958 0.00000000099999999958 0.00000000099999999958 
0.00000000099999999849 0.00000000099999999849 0.00000000099999999849 0.00000000099999999849 0.00000000099999999849 0.00000000099999999849 0.00000000099999999849 0.00000000099999999849 0.99999998700000003460 0.00000000099999999849 0.00000000099999999849 0.00000000099999999849 0.00000000099999999849 0.00000000099999999849 
0.00000000099999999921 0.00000000099999999921 0.00000000099999999921 0.00000000099999999921 0.00000000099999999921 0.00000000099999999921 0.00000000099999999921 0.00000000099999999921 0.99999998700000014562 0.00000000099999999921 0.00000000099999999921 0.00000000099999999921 0.00000000099999999921 0.00000000099999999921 
0.00000000099999999911 0.00000000099999999911 0.00000000099999999911 0.00000000099999999911 0.00000000099999999911 0.00000000099999999911 0.00000000099999999911 0.00000000099999999911 0.84807767271656009367 0.00000000099999999911 0.15192231528343991265 0.00000000099999999911 0.00000000099999999911 0.00000000099999999911 
0.00000000099999999982 0.04945462714007582694 0.12143677618106428484 0.00000000099999999982 0.01138872085399652082 0.00000000099999999982 0.00000000099999999982 0.03902939865403668579 0.67228550007857457160 0.04664388894831016791 0.05976108114394195620 0.00000000099999999982 0.00000000099999999982 0.00000000099999999982 
0.00000000099999999981 0.00000000099999999981 0.00000000099999999981 0.00000000099999999981 0.00000000099999999981 0.00000000099999999981 0.60848593403889938980 0.00000000099999999981 0.10424291932717189013 0.04018181128445924566 0.16152830231048451171 0.00000000099999999981 0.08556102403898507847 0.00000000099999999981 
0.00000000099999999997 0.02560689229951461365 0.00789689377121683030 0.05608708871653352024 0.01520473471252789185 0.01593058745971598703 0.40576207279618187185 0.03057244726951505870 0.09644858449504710440 0.00000000099999999997 0.14743037357009738941 0.00846079098193059168 0.19059953092771925176 0.00000000099999999997 
0.00000000099999999978 0.00000000099999999978 0.00000000099999999978 0.00000000099999999978 0.00000000099999999978 0.00000000099999999978 0.65189061901908229579 0.00000000099999999978 0.09928583432007304088 0.00861709085378777571 0.17973044518291472760 0.05734127657198979933 0.00313472605215225257 0.00000000099999999978 
0.00000000099999999988 0.00000000099999999988 0.00000000099999999988 0.02210007330746261919 0.00000000099999999988 0.54317071361670021812 0.16695667965050106640 0.00124084685058312768 0.00000000099999999988 0.00000000099999999988 0.04694195663776906668 0.00000000099999999988 0.21958972193698395037 0.00000000099999999988 
0.00000000099999999998 0.08089818390944585047 0.09136453679921721638 0.23114793174134465326 0.09778275956828313964 0.02171633700472747411 0.01132911775260451309 0.04938357014812161383 0.16286554067227154707 0.00788637807974850585 0.05782584359721774925 0.02588318817997748919 0.15491615949051140699 0.00700045205652881797 
0.00000000099999999983 0.18250914160729600488 0.05222049222714075789 0.34818073677231864416 0.10245039636716860021 0.01518701502618203907 0.00000000099999999983 0.04463704022823505868 0.06768005997940024221 0.00000000099999999983 0.00000000099999999983 0.00046745846501831538 0.18666765432724044538 0.00000000099999999983 
0.00000000099999999993 0.09056134531023042611 0.04509009601332623213 0.27170642420309337739 0.13065696304280630113 0.07387916901408660142 0.00000000099999999993 0.02939814524614756466 0.06967599576371390213 0.00000000099999999993 0.00000000099999999993 0.00000000099999999993 0.28100431764329025786 0.00802753876330561736 
0.00000000099999999994 0.01218520096341852398 0.03352805606570322117 0.29523016569145477117 0.11028271156483429594 0.08053211792048359241 0.00000000099999999994 0.05620947742635480637 0.03979153352320420611 0.00000000099999999994 0.00000000099999999994 0.01333059446586642646 0.35891013737868021627 0.00000000099999999994 
0.00000000099999999985 0.00000000099999999985 0.00317782324518059434 0.15930198414397445106 0.00000000099999999985 0.00553748326097974839 0.00000000099999999985 0.00000000099999999985 0.00000000099999999985 0.00000000099999999985 0.08423103568524661910 0.00000000099999999985 0.74775166466461862047 0.00000000099999999985 
0.00000000099999999994 0.00968912222709361788 0.00000000099999999994 0.20260260366309115754 0.06975931410958013945 0.00118736700252137042 0.02078523255124448479 0.02478795270108883134 0.03442323680537656000 0.00000000099999999994 0.03158216766445438167 0.01136911449304015345 0.55728063478802269959 0.03653325099448655883 
0.00000000099999999960 0.00000000099999999960 0.00000000099999999960 0.15194557530047647642 0.00815792027751232642 0.00000000099999999960 0.00000000099999999960 0.00000000099999999960 0.00000000099999999960 0.00000000099999999960 0.00000000099999999960 0.00000000099999999960 0.83989649342201111448 0.00000000099999999960 
0.00000000099999999967 0.00000000099999999967 0.00000000099999999967 0.23204102679252053276 0.00000000099999999967 0.00000000099999999967 0.00000000099999999967 0.00000000099999999967 0.00000000099999999967 0.00000000099999999967 0.00000000099999999967 0.00000000099999999967 0.75780463532707231789 0.01015432688040715514 
0.00000000099999999999 0.03508370990597541039 0.02617837106093004462 0.17509825799085479425 0.10837222719018158035 0.06192244405719837114 0.00000000099999999999 0.01489885280555886850 0.08717060581161611976 0.00654792985108193764 0.00243175558833962253 0.00982870354459746548 0.45906221267414454301 0.01340492751952121822 
0.00113959956847523632 0.00000000099999999997 0.00884274653048530181 0.06946919001532754490 0.00000000099999999997 0.00000000099999999997 0.24780638086182030233 0.00033852650537075085 0.00080199748445487339 0.03151716811573625210 0.05575452915290678851 0.00680985742252189236 0.54429111426461251888 0.03322888707828841603 
0.00000000099999999981 0.02630104846909959992 0.00000000099999999981 0.47253284576515314219 0.16954898866041451244 0.00000000099999999981 0.00000000099999999981 0.04295407809042434827 0.09255553073162721411 0.00000000099999999981 0.00000000099999999981 0.00000000099999999981 0.19610750028328116645 0.00000000099999999981 
0.00000000099999999976 0.00000000099999999976 0.00000000099999999976 0.19947964951054433791 0.01808104354579043171 0.00000000099999999976 0.00000000099999999976 0.02116537589101385661 0.00000000099999999976 0.00000000099999999976 0.00000000099999999976 0.00530126450601444039 0.74357965191986774567 0.01239300662676921620 
0.00000000099999999996 0.05678535685666120242 0.01139090780601689605 0.13474095206883704434 0.08082841902151874369 0.00000000099999999996 0.00792659737231958018 0.05750326201117822444 0.05866072100511682264 0.07079327997836976083 0.00000000099999999996 0.00000000099999999996 0.48085359910496799918 0.04051690077501374221 
0.01271980539822424421 0.09379781260081071492 0.02556779953001600200 0.10655722754566097910 0.04526025082212950523 0.02358344477364065703 0.13144830062225951184 0.06382780548961312916 0.03653391378346858981 0.02245306582021365516 0.04984875652628302511 0.01060598527082886461 0.35284103223182711195 0.02495479958502392140 
0.00000000099999999992 0.21554362615179273321 0.06326633579667675922 0.25147086314535449514 0.06264769584983416462 0.06072318320896880062 0.00000000099999999992 0.11629884931336594012 0.09481227538159708867 0.01843196447295481280 0.00000000099999999992 0.00000000099999999992 0.11680520167945523946 0.00000000099999999992 
0.00000000099999999983 0.00000000099999999983 0.02924766252225044147 0.16443039933515946061 0.03542798959421711996 0.00000000099999999983 0.00000000099999999983 0.02415800521235864778 0.00000000099999999983 0.00000000099999999983 0.00000000099999999983 0.00391576013781625657 0.70456728649702504708 0.03825288970117285414 
0.00000000099999999985 0.00000000099999999985 0.00000000099999999985 0.22621140424980301642 0.04459632381009370761 0.00000000099999999985 0.00000000099999999985 0.02225523307264688430 0.14051920344901530635 0.00000000099999999985 0.00000000099999999985 0.00000000099999999985 0.56641782641844085067 0.00000000099999999985 
0.00000000099999999985 0.00000000099999999985 0.00000000099999999985 0.20607567435129867106 0.05974256438863637803 0.00000000099999999985 0.00000000099999999985 0.01855552620964850616 0.00000000099999999985 0.00000000099999999985 0.00000000099999999985 0.02577353080403666299 0.68385212824170760193 0.00600056800467194812 
0.00000000099999999994 0.12561509727117944890 0.00000000099999999994 0.24587020756895799911 0.07530536076252150601 0.00000000099999999994 0.09259523858582763278 0.00313642229843672871 0.17087958090605426253 0.01115260737069936024 0.05319346691222502643 0.00000000099999999994 0.22225201332409802446 0.00000000099999999994 
0.00000000099999999994 0.15280098922878937451 0.01234504539731039012 0.33908163555048326243 0.05491764461932328173 0.00000000099999999994 0.00554385817193515061 0.03062648945465251682 0.07565831837504458091 0.00000000099999999994 0.02452396132924713687 0.00919801103860340072 0.29530404283461098025 0.00000000099999999994 
0.00472267586520321980 0.16923438304149859834 0.14205518969556352182 0.15072132703554272370 0.06675267609469087704 0.15979704912697337282 0.00000000099999999998 0.03358892807040128603 0.08943273888399559668 0.00000000099999999998 0.01352134013607454895 0.00000000099999999998 0.16754695299505459327 0.00262673605500207035 
0.00000000099999999985 0.17630821140678032410 0.00000000099999999985 0.24613369296921414064 0.14714365213738681004 0.08170173092259212788 0.00473641726236338594 0.03503969168350384161 0.23298885899971458202 0.02321692874678336904 0.00000000099999999985 0.00000000099999999985 0.05273081087166148900 0.00000000099999999985 
0.00000000099999999994 0.16553106748056159447 0.02994104107921815791 0.30442577968655903931 0.09105080855306875443 0.00000000099999999994 0.00000000099999999994 0.05413598960510585673 0.01017925151485329048 0.00000000099999999994 0.02094323578519449724 0.00000000099999999994 0.32379282029543882127 0.00000000099999999994 
0.00000000099999999799 0.99999998700000003460 0.00000000099999999799 0.00000000099999999799 0.00000000099999999799 0.00000000099999999799 0.00000000099999999799 0.00000000099999999799 0.00000000099999999799 0.00000000099999999799 0.00000000099999999799 0.00000000099999999799 0.00000000099999999799 0.00000000099999999799 
0.00000000099999999984 0.00000000099999999984 0.09820268127344108922 0.00000000099999999984 0.00000000099999999984 0.23053396729554645472 0.08507291171788237960 0.00000000099999999984 0.00000000099999999984 0.07268789376680913350 0.02936293189717826060 0.00000000099999999984 0.41002724002314550056 0.07411236702599706405 
0.00000000099999999923 0.54546702214517583940 0.00000000099999999923 0.00000000099999999923 0.00000000099999999923 0.00000000099999999923 0.00000000099999999923 0.00000000099999999923 0.00000000099999999923 0.00000000099999999923 0.45453296585482438896 0.00000000099999999923 0.00000000099999999923 0.00000000099999999923 
0.00000000099999999962 0.54690087978743306962 0.00000000099999999962 0.00000000099999999962 0.00000000099999999962 0.00000000099999999962 0.00000000099999999962 0.00000000099999999962 0.00540758311852257856 0.00000000099999999962 0.44769152609404455623 0.00000000099999999962 0.00000000099999999962 0.00000000099999999962 
0.00000000099999999988 0.36198740866411871497 0.00000000099999999988 0.08025281302918139958 0.01883475428206018640 0.00000000099999999988 0.00000000099999999988 0.07838895711153272272 0.02611568847828713014 0.00000000099999999988 0.38412399033331973142 0.01588368103625955111 0.00000000099999999988 0.03441270106524049743 
0.00000000099999999978 0.11338625574596705725 0.07470957343834873365 0.00000000099999999978 0.00000000099999999978 0.00000000099999999978 0.06640479181226840999 0.01077074587324421129 0.43293744739930734022 0.00000000099999999978 0.25530169052963341825 0.00000000099999999978 0.00000000099999999978 0.04648948820123083997 
0.00000000099999999837 0.00000000099999999837 0.00000000099999999837 0.00000000099999999837 0.00000000099999999837 0.00000000099999999837 0.00000000099999999837 0.00000000099999999837 0.99999998700000003460 0.00000000099999999837 0.00000000099999999837 0.00000000099999999837 0.00000000099999999837 0.00000000099999999837 
0.00000000099999999966 0.05467392734704805413 0.00000000099999999966 0.00000000099999999966 0.00000000099999999966 0.00000000099999999966 0.00000000099999999966 0.00000000099999999966 0.90896650519297850224 0.00000000099999999966 0.00000000099999999966 0.03635955645997339392 0.00000000099999999966 0.00000000099999999966 
0.00000000099999999725 0.00000000099999999725 0.00000000099999999725 0.00000000099999999725 0.00000000099999999725 0.00000000099999999725 0.00000000099999999725 0.00000000099999999725 0.00000000099999999725 0.00000000099999999725 0.00000000099999999725 0.99999998699999981255 0.00000000099999999725 0.00000000099999999725 
0.00000000099999999732 0.00000000099999999732 0.00000000099999999732 0.00000000099999999732 0.00000000099999999732 0.00000000099999999732 0.00000000099999999732 0.00000000099999999732 0.00000000099999999732 0.00000000099999999732 0.00000000099999999732 0.99999998699999981255 0.00000000099999999732 0.00000000099999999732 
0.00000000099999999727 0.00000000099999999727 0.00000000099999999727 0.00000000099999999727 0.00000000099999999727 0.00000000099999999727 0.00000000099999999727 0.00000000099999999727 0.00000000099999999727 0.00000000099999999727 0.00000000099999999727 0.99999998699999981255 0.00000000099999999727 0.00000000099999999727 
0.02976140808468407881 0.02288175366369474273 0.01477080580704522896 0.00000000099999999995 0.00000000099999999995 0.09358746292068301220 0.01310278220539611710 0.03493864413607460084 0.06461255934186137251 0.01981257390280436945 0.02101172832884407385 0.00000000099999999995 0.68552027760891243169 0.00000000099999999995 
0.05132997339759347299 0.01030117735855131875 0.02380250315335351308 0.07588974306058159092 0.00540596915108869629 0.00000000099999999997 0.04328291750441974617 0.02951247617855870184 0.01976825798240565771 0.02046970265888882132 0.04405880498601648376 0.00376543917427778685 0.67241303339426405916 0.00000000099999999997 
0.06412635578600110742 0.00000000099999999998 0.02939201508023829568 0.07224571891270037405 0.00000000099999999998 0.00000000099999999998 0.03510126312769992069 0.01222000156891894958 0.00253323725822234003 0.00884503930705924854 0.05285720450379399749 0.02387237104619132494 0.68743130878954317176 0.01137548161963111704 
0.07382632386003043501 0.01779188554072777539 0.00368697322546594763 0.06750508129802317014 0.00000000099999999995 0.00777372510670861720 0.00000000099999999995 0.03523010043777120848 0.00000000099999999995 0.00000000099999999995 0.02300602574272648734 0.00000000099999999995 0.77117987878854643569 0.00000000099999999995 
0.00000000099999999957 0.00000000099999999957 0.00000000099999999957 0.00000000099999999957 0.00000000099999999957 0.00000000099999999957 0.00000000099999999957 0.00000000099999999957 0.00000000099999999957 0.00000000099999999957 0.00000000099999999957 0.00000000099999999957 0.99999998699999992358 0.00000000099999999957 
0.00000000099999999958 0.00000000099999999958 0.00000000099999999958 0.00000000099999999958 0.00000000099999999958 0.00000000099999999958 0.00000000099999999958 0.00586114801844007764 0.00000000099999999958 0.00000000099999999958 0.00000000099999999958 0.00000000099999999958 0.99413883998155994082 0.00000000099999999958 
0.99999998700000014562 0.00000000099999999748 0.00000000099999999748 0.00000000099999999748 0.00000000099999999748 0.00000000099999999748 0.00000000099999999748 0.00000000099999999748 0.00000000099999999748 0.00000000099999999748 0.00000000099999999748 0.00000000099999999748 0.00000000099999999748 0.00000000099999999748 
0.99999998700000003460 0.00000000099999999706 0.00000000099999999706 0.00000000099999999706 0.00000000099999999706 0.00000000099999999706 0.00000000099999999706 0.00000000099999999706 0.00000000099999999706 0.00000000099999999706 0.00000000099999999706 0.00000000099999999706 0.00000000099999999706 0.00000000099999999706 
0.93362833755012042403 0.00000000099999999964 0.00000000099999999964 0.00000000099999999964 0.00000000099999999964 0.00000000099999999964 0.00000000099999999964 0.00000000099999999964 0.00000000099999999964 0.00000000099999999964 0.00000000099999999964 0.00000000099999999964 0.06637165044987981821 0.00000000099999999964 
0.99999998700000014562 0.00000000099999999776 0.00000000099999999776 0.00000000099999999776 0.00000000099999999776 0.00000000099999999776 0.00000000099999999776 0.00000000099999999776 0.00000000099999999776 0.00000000099999999776 0.00000000099999999776 0.00000000099999999776 0.00000000099999999776 0.00000000099999999776 
0.99999998700000014562 0.00000000099999999737 0.00000000099999999737 0.00000000099999999737 0.00000000099999999737 0.00000000099999999737 0.00000000099999999737 0.00000000099999999737 0.00000000099999999737 0.00000000099999999737 0.00000000099999999737 0.00000000099999999737 0.00000000099999999737 0.00000000099999999737 
0.99999998699999992358 0.00000000099999999667 0.00000000099999999667 0.00000000099999999667 0.00000000099999999667 0.00000000099999999667 0.00000000099999999667 0.00000000099999999667 0.00000000099999999667 0.00000000099999999667 0.00000000099999999667 0.00000000099999999667 0.00000000099999999667 0.00000000099999999667 
0.99999998699999992358 0.00000000099999999668 0.00000000099999999668 0.00000000099999999668 0.00000000099999999668 0.00000000099999999668 0.00000000099999999668 0.00000000099999999668 0.00000000099999999668 0.00000000099999999668 0.00000000099999999668 0.00000000099999999668 0.00000000099999999668 0.00000000099999999668 
0.01325321773616267539 0.02434387012668685554 0.28287743627633915589 0.00000000099999999988 0.00000000099999999988 0.14506103642106205065 0.01620299656254436949 0.00000000099999999988 0.00000000099999999988 0.00000000099999999988 0.01204351149364780819 0.00000000099999999988 0.50621792438355683874 0.00000000099999999988 
0.99999998699999992358 0.00000000099999999682 0.00000000099999999682 0.00000000099999999682 0.00000000099999999682 0.00000000099999999682 0.00000000099999999682 0.00000000099999999682 0.00000000099999999682 0.00000000099999999682 0.00000000099999999682 0.00000000099999999682 0.00000000099999999682 0.00000000099999999682 
0.99999998700000014562 0.00000000099999999702 0.00000000099999999702 0.00000000099999999702 0.00000000099999999702 0.00000000099999999702 0.00000000099999999702 0.00000000099999999702 0.00000000099999999702 0.00000000099999999702 0.00000000099999999702 0.00000000099999999702 0.00000000099999999702 0.00000000099999999702 
0.99999998700000003460 0.00000000099999999706 0.00000000099999999706 0.00000000099999999706 0.00000000099999999706 0.00000000099999999706 0.00000000099999999706 0.00000000099999999706 0.00000000099999999706 0.00000000099999999706 0.00000000099999999706 0.00000000099999999706 0.00000000099999999706 0.00000000099999999706 
0.99999998700000003460 0.00000000099999999727 0.00000000099999999727 0.00000000099999999727 0.00000000099999999727 0.00000000099999999727 0.00000000099999999727 0.00000000099999999727 0.00000000099999999727 0.00000000099999999727 0.00000000099999999727 0.00000000099999999727 0.00000000099999999727 0.00000000099999999727 
0.99999998700000003460 0.00000000099999999666 0.00000000099999999666 0.00000000099999999666 0.00000000099999999666 0.00000000099999999666 0.00000000099999999666 0.00000000099999999666 0.00000000099999999666 0.00000000099999999666 0.00000000099999999666 0.00000000099999999666 0.00000000099999999666 0.00000000099999999666 
0.99999998699999992358 0.00000000099999999676 0.00000000099999999676 0.00000000099999999676 0.00000000099999999676 0.00000000099999999676 0.00000000099999999676 0.00000000099999999676 0.00000000099999999676 0.00000000099999999676 0.00000000099999999676 0.00000000099999999676 0.00000000099999999676 0.00000000099999999676 
0.00000000099999999996 0.12011398642055728936 0.05078762009308562114 0.08249038217351793711 0.09030136135657718111 0.13799757943287088713 0.02986396786329696337 0.01785262005739560523 0.00000000099999999996 0.00000000099999999996 0.00000000099999999996 0.00000000099999999996 0.41420472835315591542 0.05638774924954276235 
0.00598762277443267658 0.01985816895210614635 0.23182428822600281704 0.00000000099999999996 0.00273262334753174860 0.30140884113987220783 0.02112173692789473187 0.00000000099999999996 0.02060418904820439379 0.04403357964599607238 0.00000000099999999996 0.01691353158545248411 0.32630503645031139204 0.00921037890219515883 
0.00000000099999999985 0.00000000099999999985 0.11408375501453846268 0.00000000099999999985 0.00000000099999999985 0.21495189479502832541 0.11719543641696640590 0.00000000099999999985 0.00000000099999999985 0.11769203532628867703 0.01077175278208107254 0.00000000099999999985 0.34298908021361834697 0.08231603845147879295 
0.00000000099999999994 0.00000000099999999994 0.23133604641327731866 0.00000006458562973094 0.01728705707175195311 0.19941043288583526483 0.04430046153495126315 0.00000000099999999994 0.04587746900809795692 0.08571485613616963706 0.00000000099999999994 0.00000000099999999994 0.34871065185793509444 0.02736295550635187493 
0.00905733484825068519 0.10044167234530167188 0.07710112645298795864 0.16656427429419584652 0.03600337263949352634 0.17007039767868165070 0.08776153484655351000 0.00000000099999999998 0.01113906831933589650 0.00321600947385160783 0.03389444439478439541 0.00000000099999999998 0.25061589882699247811 0.05413486387957078261 
0.00000000099999999984 0.00000000099999999984 0.13261665171409262043 0.00000000099999999984 0.00000000099999999984 0.16941088349158051063 0.06672209354104521872 0.00000000099999999984 0.01662432313098558337 0.16607920818889998493 0.01943798866375523460 0.00000000099999999984 0.40920091389347762467 0.01990793137616322581 
