0.00000000099999999932 0.00000000099999999932 0.00000000099999999932 0.00000000099999999932 0.99999999599999989108 
0.00000000099999999933 0.00000000099999999933 0.00000000099999999933 0.00000000099999999933 0.99999999599999989108 
0.00000000099999999932 0.00000000099999999932 0.00000000099999999932 0.00000000099999999932 0.99999999599999989108 
0.78412911595231560291 0.10054397955991141445 0.08315155787617216354 0.02717191304137353894 0.00500343357022718215 
0.31258158447947703706 0.02811238686323899380 0.31170779832507211626 0.02950141320769242292 0.31809681712451948199 
0.00000000099999999926 0.00000000099999999926 0.00000000099999999926 0.00000000099999999926 0.99999999600000000211 
0.00000000099999999926 0.00000000099999999926 0.00000000099999999926 0.00000000099999999926 0.99999999599999989108 
0.00000000099999999917 0.00000000099999999917 0.00000000099999999917 0.00000000099999999917 0.99999999599999989108 
0.00000000099999999936 0.00000000099999999936 0.00000000099999999936 0.00000000099999999936 0.99999999600000000211 
0.00000000099999999937 0.00000000099999999937 0.00000000099999999937 0.00000000099999999937 0.99999999599999989108 
0.00000000099999999913 0.00000000099999999913 0.00000000099999999913 0.00000000099999999913 0.99999999600000000211 
0.99999999600000000211 0.00000000099999999921 0.00000000099999999921 0.00000000099999999921 0.00000000099999999921 
0.99999999600000011313 0.00000000099999999921 0.00000000099999999921 0.00000000099999999921 0.00000000099999999921 
0.99999999600000000211 0.00000000099999999942 0.00000000099999999942 0.00000000099999999942 0.00000000099999999942 
0.99999999600000000211 0.00000000099999999922 0.00000000099999999922 0.00000000099999999922 0.00000000099999999922 
0.83027706563986036770 0.00000000099999999992 0.11910919522250022762 0.00000000099999999992 0.05061373713763944043 
0.99999999600000011313 0.00000000099999999915 0.00000000099999999915 0.00000000099999999915 0.00000000099999999915 
0.99999999600000011313 0.00000000099999999917 0.00000000099999999917 0.00000000099999999917 0.00000000099999999917 
0.99999999600000000211 0.00000000099999999957 0.00000000099999999957 0.00000000099999999957 0.00000000099999999957 
0.99999999600000011313 0.00000000099999999947 0.00000000099999999947 0.00000000099999999947 0.00000000099999999947 
0.99999999600000011313 0.00000000099999999975 0.00000000099999999975 0.00000000099999999975 0.00000000099999999975 
0.99999999600000011313 0.00000000099999999942 0.00000000099999999942 0.00000000099999999942 0.00000000099999999942 
0.99999999600000000211 0.00000000099999999929 0.00000000099999999929 0.00000000099999999929 0.00000000099999999929 
0.99999999600000011313 0.00000000099999999928 0.00000000099999999928 0.00000000099999999928 0.00000000099999999928 
0.99999999600000011313 0.00000000099999999915 0.00000000099999999915 0.00000000099999999915 0.00000000099999999915 
0.99999999600000011313 0.00000000099999999919 0.00000000099999999919 0.00000000099999999919 0.00000000099999999919 
0.99999999600000000211 0.00000000099999999918 0.00000000099999999918 0.00000000099999999918 0.00000000099999999918 
0.01857832772690111434 0.00000000099999999994 0.25920260303356018605 0.05417666989037176611 0.66804239834916701035 
0.00000000099999999996 0.00000000099999999996 0.57995417434994800399 0.22168051173047709224 0.19836531191957479381 
0.04462139017791164064 0.00000000099999999996 0.42345324635483050368 0.28597412373606673208 0.24595123873119112412 
0.00454404791402806402 0.00000000099999999996 0.50625283117636266095 0.27986224003331067189 0.20934087987629865224 
0.00000000099999999970 0.00000000099999999970 0.99999999600000000211 0.00000000099999999970 0.00000000099999999970 
0.00000000099999999973 0.00000000099999999973 0.99999999600000000211 0.00000000099999999973 0.00000000099999999973 
0.04192112304980433884 0.00000000099999999991 0.24844317895071343916 0.01888933578322949183 0.69074636121625287988 
0.00000000099999999973 0.00000000099999999973 0.99999999599999989108 0.00000000099999999973 0.00000000099999999973 
0.00000000099999999975 0.00000000099999999975 0.99999999599999989108 0.00000000099999999975 0.00000000099999999975 
0.06257333514214877268 0.08035682586557903184 0.45073644757531744487 0.27738402842619114264 0.12894936299076348307 
0.00000000099999999997 0.03895726610751278074 0.15940882867002079126 0.74521506481328003701 0.05641883940918632906 
0.00000000099999999999 0.03873741748438444543 0.17331571154653288569 0.75164027540293254503 0.03630659456615015213 
0.03994470139164778277 0.03660031653102941568 0.12381603572746555098 0.73721044755503550849 0.06242849879482174902 
0.03922140692825672181 0.05156409639838641090 0.41176931684595324823 0.47757305387000975605 0.01987212595739403648 
0.00000000099999999999 0.02633676209183014039 0.30404350408277730500 0.62453779031811196276 0.04508194250728050911 
0.00000000100000000000 0.04640765567540050540 0.35872008069346833503 0.49925121218505968956 0.09562105044607156767 
0.02365023065920154183 0.03393558908634235899 0.53307208060396216176 0.34438230227998956057 0.06495979737050450176 
0.01817623088492718864 0.04653046558319003101 0.28697138623239415445 0.58182222676171391207 0.06649969053777471384 
0.01400792193705354717 0.01379539159400702299 0.39472341540873562282 0.56891987825877643470 0.00855339280142741396 
0.15556429647184905063 0.00000000099999999999 0.51760995949785948422 0.29089183548275798774 0.03593390754753340854 
0.04455994374589007656 0.19331313066025843095 0.27356877116419153761 0.33131618237578869257 0.15724197205387113740 
0.01580653888802882254 0.14990866257505031101 0.29329554648762873326 0.34030644714567409581 0.20068280490361795065 
0.02370787076189119491 0.17963885627721890015 0.29168792955421346536 0.33359621755124901910 0.17136912585542748988 
0.04967721184663852207 0.16880579847993065767 0.28302764789383433319 0.35824152728430813664 0.14024781449528850308 
0.03268776803659102781 0.16816583163598414208 0.32312642240907996083 0.34676624354388241311 0.12925373437446247005 
0.28060585755783734596 0.00000000099999999999 0.41492074481791396678 0.15139082228188813217 0.15308257434236047234 
0.17662448295072055715 0.00000000099999999997 0.38844286554585688576 0.14865583215546201989 0.28627681834796053773 
0.16413875524183602073 0.00000000099999999998 0.38273684009349018265 0.21993986217202945999 0.23318454149264425390 
0.23306282497110161755 0.00472717438312357432 0.43259580460817381731 0.12183479248317961863 0.20777940355442142684 
0.18200815844175144420 0.00000000099999999998 0.43953960450922158198 0.13300365267836827821 0.24544858337065858511 
0.19217639503094155473 0.00000000099999999999 0.21543007649652354263 0.18656485005539460986 0.40582867741714029330 
0.16060467654396670678 0.00000000099999999998 0.33939049392785569648 0.32284449648110657982 0.17716033204707107296 
0.04612780612203362662 0.01877112122073393286 0.15464817557053864294 0.26179040940558628847 0.51866248768110756462 
0.09157563231479072530 0.02689211791743068708 0.24624899103175540427 0.23416432611419937815 0.40111893262182385378 
0.10533792355771735838 0.03095980983072812304 0.08784013198351285634 0.24431627239621844794 0.53154586223182331839 
0.00213853487451680369 0.01490449935191123093 0.08711896447299286028 0.74712762524335529779 0.14871037605722373098 
0.11084300711997706335 0.00385425711747597885 0.54866955091002223011 0.21803654737809136099 0.11859663747443334458 
0.07641580239766862515 0.00145058268276372637 0.71172246331936761532 0.20518165073845268109 0.00522950086174733125 
0.03383821832764531690 0.01544316431896712583 0.63640030165915262295 0.26037022183738001146 0.05394809385685506165 
0.08458899305344108610 0.02827368627668420259 0.60015158119346412313 0.27042750726959774443 0.01655823220681291660 
0.00000000099999999999 0.06026294449556142407 0.46296099633903975423 0.31661257142714843704 0.16016348673825039906 
0.03498028421388709591 0.04313753611740509669 0.56220091221935231118 0.23299224652070349428 0.12668902092865186315 
0.00000000099999999998 0.03301528289268500227 0.57425907993859781620 0.31281517210188952705 0.07991046406682769665 
0.00000000100000000000 0.05149241593813904533 0.61588534218524071395 0.26657145094501122351 0.06605078993160901080 
0.04012844225386016928 0.03738880390835452178 0.55208913752584454215 0.30340856509388780538 0.06698505121805314877 
0.03833768267920270589 0.06145685390878061899 0.29154493093837136053 0.36939128780712693345 0.23926924466651838808 
0.05539090940616363257 0.00192800048702060313 0.82156573884056682822 0.11130611922249100676 0.00980923204375801910 
0.04609130468207375125 0.06205736698701601328 0.54975789309300737706 0.27384911206602113865 0.06824432317188169894 
0.07416637379420101817 0.04072576720218826912 0.46019917945625360423 0.33474224257772061675 0.09016643696963642929 
0.09848648950420167691 0.05038864076497054367 0.36012707348908412630 0.29647306330243106132 0.19452473293931260567 
0.13989819098124972596 0.00041645081295312475 0.56165917088769212739 0.24637821622449632142 0.05164797109360865640 
0.04421164334007967461 0.06534043475998814465 0.49989231013840662587 0.34408715306168002890 0.04646845869984555372 
0.05713995837921598264 0.03738334457199133515 0.56341406771060564829 0.29670263033227844973 0.04535999900590867440 
0.03537104094978530539 0.03154580961856302823 0.55805422308970697998 0.29940059142100328149 0.07562833492094138410 
0.04663540673029117900 0.01742204506934025635 0.58601726819741950525 0.14429107954303668770 0.20563420045991254170 
0.06311472480476536251 0.01228802374109561578 0.67143748581656936825 0.17049209560782035977 0.08266767002974935441 
0.05100602980136964559 0.01979003023790758958 0.45997110258723478138 0.42160892130627913854 0.04762391606720885878 
0.09402274975587474048 0.00000000099999999997 0.64774604917343170385 0.21358501976141899825 0.04464618030927457876 
0.04743250749339367189 0.01553725769674610749 0.65600491970944618814 0.19932889823931335127 0.08169641686110065693 
0.04904321123863367854 0.00000000099999999993 0.51421870981343598128 0.19539223124942872722 0.24134584669850170369 
0.00000000099999999998 0.03001294541252017695 0.11834406148595205677 0.72144709464823042477 0.13019589745329723796 
0.00000000099999999992 0.00000000099999999992 0.26423670432376034078 0.10041871287468935592 0.63534458080155031823 
0.00000000099999999993 0.00000000099999999993 0.30330397511084589146 0.12561475768888427651 0.57108126520026991635 
0.11922779458031726452 0.00000000099999999995 0.31609342895585490485 0.07932150971352101843 0.48535726575030674335 
0.09353731484958165143 0.00000000099999999996 0.23978316289805035044 0.25066268227304033811 0.41601683897932761891 
0.21598498186281872568 0.00000000099999999997 0.50296531647326592207 0.10875954092682349472 0.17229015973709188581 
0.20330385691995281339 0.00000000099999999998 0.39787703331826246300 0.20706684822005799740 0.19175226054172678225 
0.99999999600000011313 0.00000000099999999932 0.00000000099999999932 0.00000000099999999932 0.00000000099999999932 
0.99999999600000011313 0.00000000099999999933 0.00000000099999999933 0.00000000099999999933 0.00000000099999999933 
0.99999999600000011313 0.00000000099999999932 0.00000000099999999932 0.00000000099999999932 0.00000000099999999932 
0.04598548671243231356 0.10958076388477379359 0.24164120142979178540 0.48462519031097689437 0.11816735766202535185 
0.04654226982395442275 0.13607354923521564061 0.33581691201258306867 0.33325740690730515370 0.14830986202094184612 
0.05018908203490884956 0.15134651032680648819 0.31858731316533978051 0.33867396451937076263 0.14120312995357420238 
0.04585235006953639753 0.15962985465823484321 0.31567754123881486272 0.37435024927871779488 0.10449000475469610860 
0.05368145180549468987 0.17360046566402725920 0.31058358319844470152 0.34749120741919037325 0.11464329191284294840 
0.07932375225136066577 0.15818812138696372593 0.30538277223614396227 0.35507816357239063709 0.10202719055314110608 
0.00000000099999999922 0.99999999600000000211 0.00000000099999999922 0.00000000099999999922 0.00000000099999999922 
0.00000000099999999910 0.99999999600000011313 0.00000000099999999910 0.00000000099999999910 0.00000000099999999910 
0.00000000100000000000 0.95571152983910745426 0.00853766282342489392 0.03317256630303432735 0.00257824003443314761 
0.00000000099999999929 0.99999999600000011313 0.00000000099999999929 0.00000000099999999929 0.00000000099999999929 
0.00000000099999999918 0.99999999600000000211 0.00000000099999999918 0.00000000099999999918 0.00000000099999999918 
0.00000000099999999898 0.99999999600000000211 0.00000000099999999898 0.00000000099999999898 0.00000000099999999898 
0.00000000099999999897 0.99999999600000000211 0.00000000099999999897 0.00000000099999999897 0.00000000099999999897 
0.00000000100000000000 0.06909443048515112595 0.17946625128557106010 0.68073048194346252870 0.07070883528581518862 
0.00000000099999999902 0.99999999600000011313 0.00000000099999999902 0.00000000099999999902 0.00000000099999999902 
0.00000000099999999908 0.99999999600000000211 0.00000000099999999908 0.00000000099999999908 0.00000000099999999908 
0.00000000099999999909 0.99999999600000011313 0.00000000099999999909 0.00000000099999999909 0.00000000099999999909 
0.00000000099999999916 0.99999999600000000211 0.00000000099999999916 0.00000000099999999916 0.00000000099999999916 
0.00000000099999999897 0.99999999600000000211 0.00000000099999999897 0.00000000099999999897 0.00000000099999999897 
0.00000000099999999900 0.99999999600000011313 0.00000000099999999900 0.00000000099999999900 0.00000000099999999900 
0.02758373226410842580 0.02858113627335514759 0.39976563011251547985 0.46525917722154797040 0.07881032412847288615 
0.02877320341485976873 0.03358982883757614946 0.11013352624855043960 0.77859599834192194656 0.04890744315709173728 
0.00000000099999999998 0.03611022640499776670 0.09834534581385420693 0.73580720373146624169 0.12973722304968179908 
0.01309133537673964377 0.02708737938947051657 0.14675737083294498886 0.73907042392518318419 0.07399349047566164406 
0.00676227034636668438 0.02798948985378031662 0.39722022797744838130 0.45117282895928817466 0.11685518286311624703 
0.00000000099999999997 0.03694388393839075080 0.09021133267906973618 0.74186219128117625310 0.13098259110136317718 
0.00000000099999999998 0.02253274291158371273 0.06929326601944151010 0.80934842917379057337 0.09882556089518408637 
0.00000000099999999999 0.04237885955824710615 0.11261974432620062980 0.73798831264516451256 0.10701308247038776589 
0.00000000100000000000 0.03619161360808506589 0.15930494910252243623 0.67551094530295285878 0.12899249098643952860 
0.05117463647816797301 0.04303627600453427404 0.08396113524691152519 0.67642675525059536845 0.14540119701979092870 
0.02283586239504035997 0.03422372987646055131 0.07134635065408574672 0.74099240531888266315 0.13060165175553070660 
0.05234987898298162218 0.04449301191352414420 0.08179366685325148434 0.67550232099512275141 0.14586112125511990767 
0.04614945093487581723 0.03277242400038769821 0.10868598989747699224 0.80116539631088889983 0.01122673885637057861 
0.03312225165882837219 0.01339164703556142491 0.10101313663190478187 0.81194593434151629552 0.04052703033218926082 
0.12330697527511262634 0.00000000099999999998 0.68257708257604576829 0.19140247904803772694 0.00271346210080394964 
0.36519714329291619315 0.00540522941711655582 0.44939188159996157346 0.11659799493187943120 0.06340775075812613015 
0.18677665526837403109 0.00000000099999999998 0.69532901808652614051 0.10150544298909634777 0.01638888265600347421 
0.00000000099999999998 0.01069977606732202061 0.10952933577349237282 0.87776706743252530529 0.00200381972666028706 
0.00000000099999999998 0.00525382837698633743 0.11285258218073219993 0.88182917974070995637 0.00006440870157136770 
0.00000000100000000000 0.00858073090293107882 0.14378847904494984622 0.82935229815372124573 0.01827849089839802058 
0.01082339059863430576 0.02268624386844193819 0.04943518162855709691 0.91512327023870143616 0.00193191366566523295 
0.06274563875691778481 0.01147474125673313139 0.22257343551818772887 0.69012903446712126065 0.01307715000104011337 
0.00000000099999999994 0.00000000099999999994 0.10895339161559439156 0.89104660538440549900 0.00000000099999999994 
0.00160248359102462879 0.01113800215537251101 0.13172361322010081586 0.84320631944741086805 0.01232958158609119732 
0.01838813120802596304 0.00000000099999999998 0.64068301230820001724 0.32417947910497046937 0.01674937637880349536 
0.09092037539421592152 0.00000000099999999991 0.47186192498066015233 0.43721769762512380231 0.00000000099999999991 
0.00962823135999209094 0.00000000099999999983 0.99037176564000783952 0.00000000099999999983 0.00000000099999999983 
0.00000000099999999995 0.00000000099999999995 0.73950933839178001339 0.26049065860821984941 0.00000000099999999995 
0.01606576457749369150 0.00000000099999999989 0.23029117572834947869 0.75364305769415673719 0.00000000099999999989 
0.00000000099999999998 0.00000000099999999998 0.15851683636932492605 0.83652734264974704104 0.00495581898092800101 
0.01769689023251559690 0.00926728408238453732 0.19737573765840177309 0.77554728088418722898 0.00011280714251081511 
0.00535903156917884142 0.00000000099999999993 0.29379772337066034638 0.70084324306016088091 0.00000000099999999993 
0.00000000099999999964 0.00000000099999999964 0.99999999599999989108 0.00000000099999999964 0.00000000099999999964 
0.07302696510776579553 0.03468904077257265600 0.28682782103830167797 0.55725819914977003933 0.04819797393158985893 
0.00000000099999999998 0.03857498028392319228 0.08353879030895522417 0.80299039121830528831 0.07489583718881631658 
0.00000000099999999999 0.04028142016431206229 0.24357746799658655523 0.69386088422266023468 0.02228022661644111016 
0.02054042417340585028 0.02448056473110662642 0.20353467830070842703 0.67437618928219111858 0.07706814351258801932 
0.00000000099999999998 0.02977844310570424216 0.20767339894794079047 0.73012913126712675194 0.03241902567922812228 
0.10012548639570609255 0.00000000099999999995 0.28266102384006658310 0.61721348776422724214 0.00000000099999999995 
0.00757287913961313466 0.00950493703322845621 0.11973662151467774628 0.83789577417375815660 0.02528978813872249237 
0.01290724343985192452 0.04785939916652116183 0.22684766506617229376 0.64541412572859924168 0.06697156659885529495 
0.00000000099999999993 0.00000000099999999993 0.00335793898583014189 0.11491805510362110287 0.88172400391054872593 
0.00000000099999999905 0.00000000099999999905 0.00000000099999999905 0.00000000099999999905 0.99999999599999989108 
0.00000000099999999903 0.00000000099999999903 0.00000000099999999903 0.00000000099999999903 0.99999999599999989108 
0.23895686139260596814 0.00993777484173931878 0.51079430349176002668 0.08859927319151357505 0.15171178708238111654 
0.16474136487352233904 0.00000000099999999999 0.53795654329731290577 0.10713321730950825517 0.19016887351965663933 
0.04492022069522107197 0.02808450495349763473 0.24369734600566389515 0.37724073362446391977 0.30605719472115350266 
0.05223544472406126821 0.01033395220961329589 0.25359271042218078929 0.61550370632659556769 0.06833418631754903383 
0.05283923795480682806 0.00486387743160182455 0.25819082618117383809 0.61565910809830581840 0.06844695033411170304 
0.05396253771759675077 0.00608545778699637937 0.25657231721060175245 0.61382594122886136034 0.06955374605594376314 
0.00000000099999999997 0.03807400686538464640 0.10352187810791144140 0.78868920300913614163 0.06971491101756770170 
0.07976413240841613572 0.00928149333398528217 0.09304061663692710094 0.77798505178206256439 0.03992870583860899658 
0.03939872572741071749 0.00000000099999999999 0.04458436448620747145 0.91277371821976516220 0.00324319056661665764 
0.05245270533687063780 0.00000000100000000000 0.16386470272174644136 0.76299108789497482874 0.02069150304640798160 
0.00998197408454518098 0.01693029186806927627 0.09682350143746573656 0.84676869526800391252 0.02949553734191584509 
0.02231900433241713888 0.03267422372367383143 0.08929004285998413948 0.82378305394629136593 0.03193367513763352428 
0.00000000099999999998 0.00975462347081403579 0.20546517056959251457 0.76857194716469090512 0.01620825779490266821 
0.04788277678851173697 0.02103060618479740684 0.13230624590505393745 0.78694071238354923459 0.01183965873808748813 
0.03256400277267725712 0.03280956985494794254 0.10468957254998802198 0.81288481255981970275 0.01705204226256716235 
0.00000000099999999991 0.00000000099999999991 0.00000000099999999991 0.99999999600000000211 0.00000000099999999991 
0.00000000099999999985 0.00000000099999999985 0.00000000099999999985 0.99999999600000000211 0.00000000099999999985 
0.00000000099999999985 0.00000000099999999985 0.00000000099999999985 0.99999999600000000211 0.00000000099999999985 
0.00000000099999999991 0.00921078887497311059 0.00000000099999999991 0.99078920812502679905 0.00000000099999999991 
0.00000000099999999952 0.00000000099999999952 0.00000000099999999952 0.99999999599999989108 0.00000000099999999952 
0.00000000099999999987 0.00000000099999999987 0.06184668719227307682 0.93815330980772693170 0.00000000099999999987 
0.01466465679651367780 0.00000000099999999986 0.13394157474373241667 0.85139376645975384239 0.00000000099999999986 
0.00811600133215395654 0.00000000099999999992 0.20135284943997491802 0.79053114722787110047 0.00000000099999999992 
0.01142077334162232283 0.00477446724292657481 0.08293292289516204785 0.82686878415517428564 0.07400305236511471596 
0.00000000099999999957 0.00000000099999999957 0.00000000099999999957 0.99999999599999989108 0.00000000099999999957 
0.05941976838884771572 0.00000000099999999987 0.06673468021920975213 0.87384554939194258871 0.00000000099999999987 
0.00000000099999999992 0.00000000099999999992 0.16813510555862093421 0.83186489144137909513 0.00000000099999999992 
0.00000000099999999994 0.00000000099999999994 0.17339256113471049336 0.82660743586528950821 0.00000000099999999994 
0.11655042959298569927 0.00860643240312362195 0.12243710669683417758 0.20794971362218303557 0.54445631768487345870 
0.04816993364687877782 0.04813429810933311792 0.13684723119951078263 0.62779331701586371661 0.13905522002841361195 
0.06582495105285068870 0.00740563840409284944 0.10921571871724618241 0.49023391972210178524 0.32731977210370843956 
0.08174454667910942274 0.00389430981678096089 0.18025500355947599029 0.26469878193060297766 0.46940735801403077332 
0.03355550041116625581 0.02059475138976104777 0.21578315190710184446 0.61703507913654376260 0.11303151715542701650 
0.08461589982826647760 0.01401801441149384646 0.14249519337993898915 0.28051602144984261189 0.47835487093045814255 
0.00000000099999999977 0.00000000099999999977 0.00000000099999999977 0.99999999599999989108 0.00000000099999999977 
0.00000000099999999977 0.00000000099999999977 0.10052070201774235270 0.89947929498225764888 0.00000000099999999977 
0.00000000099999999998 0.00000000099999999998 0.20966164369226961139 0.78195218907419505872 0.00838616523353534829 
0.00000000099999999957 0.00000000099999999957 0.00000000099999999957 0.99999999600000000211 0.00000000099999999957 
0.03538148763793456941 0.00000000099999999990 0.10008398293295787951 0.86453452742910741335 0.00000000099999999990 
0.00000000099999999979 0.00000000099999999979 0.00000000099999999979 0.99999999600000000211 0.00000000099999999979 
0.01763472203379915990 0.00612865103179510099 0.12619155451494890041 0.79132632573751826577 0.05871874668193863972 
0.00000000099999999976 0.00000000099999999976 0.10606422369943620254 0.89393577330056372965 0.00000000099999999976 
0.00000000099999999971 0.00000000099999999971 0.00000000099999999971 0.99999999599999989108 0.00000000099999999971 
0.00000000099999999961 0.00000000099999999961 0.00000000099999999961 0.99999999600000000211 0.00000000099999999961 
0.07385802936170970945 0.01489895238073955103 0.14341224810750419216 0.71880186630817100024 0.04902890384187547079 
0.01437033264598839774 0.04432132171644251328 0.13550885303919590896 0.77045523995934372952 0.03534425263902942621 
0.00000000100000000000 0.01565973751505947420 0.13819621584618835275 0.80560221859717751069 0.04054182704157473227 
0.01339384651655324381 0.03437205632983402620 0.21713991047452410599 0.69633453015111446138 0.03875965652797415395 
0.12639042208724823868 0.01704222665989409136 0.09991535070557162890 0.36480985562963308411 0.39184214491765301247 
0.00798759632977783830 0.01210514502544813957 0.25408140848787214017 0.45614331330789825714 0.26968253684900367340 
0.04462632590535783178 0.00000000099999999999 0.32312047446805058915 0.44346510332597444126 0.18878809530061710364 
0.09004908337287637066 0.00000000099999999997 0.09501352606242924326 0.23125256090998766445 0.58368482865470661114 
0.09635724918951676932 0.00000000099999999996 0.05821219702689442443 0.50926458740408198089 0.33616596537950693691 
0.06077601169336497439 0.00000000100000000000 0.13356172869059770858 0.34820357896242276619 0.45745867965361458607 
0.05625421222509659896 0.01210780511531431812 0.12205825068659340027 0.24256427775069916430 0.56701545422229648885 
0.05099334223670002469 0.00347216057534891235 0.06945082778970085302 0.74501332531218777966 0.13107034408606241249 
0.09637442646865060358 0.00905386344107905576 0.12770560020508564536 0.16326942940425240303 0.60359668048093229054 
0.05695987642017308339 0.00974574922749069615 0.13801471170543438971 0.24712656034683289086 0.54815310230006897285 
0.00000000099999999966 0.00000000099999999966 0.00000000099999999966 0.99999999599999989108 0.00000000099999999966 
0.00000000099999999984 0.00000000099999999984 0.01863973478098575678 0.98136026221901417887 0.00000000099999999984 
0.07375140049667608388 0.00000000099999999998 0.11425527215406013071 0.29303311587495534107 0.51896021047430851425 
0.07822460895751770504 0.00833307236732613345 0.11806649510184313856 0.29340588472476958337 0.50196993884854346213 
0.00000000099999999954 0.00000000099999999954 0.99999999600000000211 0.00000000099999999954 0.00000000099999999954 
0.06656651416516881636 0.00000000099999999995 0.34372627032674607506 0.58970721350808508188 0.00000000099999999995 
0.00000000099999999994 0.00000000099999999994 0.14676116676664632821 0.85323883023335356235 0.00000000099999999994 
0.00942678059536916635 0.00000000099999999989 0.29537223689690733641 0.69520098050772338727 0.00000000099999999989 
0.00472640485008454358 0.00000000099999999989 0.29805381691733739968 0.69721977623257802570 0.00000000099999999989 
0.07436131496407615005 0.00000000099999999994 0.33735706148166055840 0.58828162155426333424 0.00000000099999999994 
0.00000000099999999959 0.00000000099999999959 0.99999999600000000211 0.00000000099999999959 0.00000000099999999959 
0.07049684632103508930 0.00000000099999999994 0.33605173438267876840 0.59345141729628603233 0.00000000099999999994 
0.13227879335049663734 0.00000000099999999994 0.71512142932689037877 0.15259977532261295718 0.00000000099999999994 
0.05597836946374262768 0.00555168787509065752 0.02629295526729025223 0.89331714630158731705 0.01885984109228910563 
0.00000000099999999991 0.00000000099999999991 0.32396820807115705998 0.67603178892884296936 0.00000000099999999991 
0.00000000099999999979 0.00000000099999999979 0.99999999600000000211 0.00000000099999999979 0.00000000099999999979 
0.00000000099999999954 0.00000000099999999954 0.99999999599999989108 0.00000000099999999954 0.00000000099999999954 
0.00008470687445709976 0.00000000099999999991 0.30032309816717539519 0.69959219295836749808 0.00000000099999999991 
0.00000000099999999970 0.00000000099999999970 0.99999999600000000211 0.00000000099999999970 0.00000000099999999970 
0.00000000099999999980 0.00000000099999999980 0.99999999600000000211 0.00000000099999999980 0.00000000099999999980 
0.05031541178405048165 0.00342803520942507739 0.53669938925605953361 0.40955716275046494257 0.00000000100000000000 
0.00904369071595403223 0.00000000099999999997 0.27449482275649444984 0.71646066833868438106 0.00000081718886716975 
0.00000000099999999994 0.00000000099999999994 0.16532984805884548551 0.83467014894115443280 0.00000000099999999994 
0.01477526058781228162 0.00000000099999999997 0.85763116193023669620 0.12759357548195088272 0.00000000099999999997 
0.00000000099999999967 0.00000000099999999967 0.99999999599999989108 0.00000000099999999967 0.00000000099999999967 
0.00000000099999999974 0.00000000099999999974 0.99999999599999989108 0.00000000099999999974 0.00000000099999999974 
0.00000000099999999969 0.00000000099999999969 0.99999999600000000211 0.00000000099999999969 0.00000000099999999969 
0.00000000099999999975 0.00000000099999999975 0.99999999599999989108 0.00000000099999999975 0.00000000099999999975 
0.00000000099999999971 0.00000000099999999971 0.99999999599999989108 0.00000000099999999971 0.00000000099999999971 
0.00000000099999999995 0.00000000099999999995 0.92439507691700906200 0.07560492008299089794 0.00000000099999999995 
0.00000000099999999985 0.00000000099999999985 0.99999999600000000211 0.00000000099999999985 0.00000000099999999985 
0.00000000099999999961 0.00000000099999999961 0.99999999600000000211 0.00000000099999999961 0.00000000099999999961 
0.05785413837640172169 0.00000000099999999996 0.78814988601615354469 0.15399597360744479713 0.00000000099999999996 
0.00000000099999999991 0.00392197248827249635 0.00000000099999999991 0.81480194310983655726 0.18127608240189083122 
0.00000000099999999989 0.00000000099999999989 0.00000000099999999989 0.81656719673067068577 0.18343280026932926030 
0.00000000099999999986 0.00000000099999999986 0.00000000099999999986 0.83197875825808054184 0.16802123874191951525 
0.00000000099999999987 0.00000000099999999987 0.00000000099999999987 0.82577264458363108801 0.17422735241636894132 
0.00000000099999999989 0.00000000099999999989 0.00000000099999999989 0.82170294276251987231 0.17829705423748001825 
0.00000000099999999994 0.01217004948566734711 0.00000000099999999994 0.79646554997139062948 0.19136439854294201579 
0.00000000099999999991 0.00210379660445580291 0.00000000099999999991 0.81527982666080889285 0.18261637473473535387 
0.00000000099999999987 0.00000000099999999987 0.00000000099999999987 0.81450025686637439470 0.18549974013362569014 
0.00000000099999999988 0.00000000099999999988 0.00000000099999999988 0.82607828120142556827 0.17392171579857440555 
0.00000000099999999986 0.00000000099999999986 0.00000000099999999986 0.82201784578079817312 0.17798215121920191173 
0.00000000099999999939 0.00000000099999999939 0.00000000099999999939 0.00000000099999999939 0.99999999599999989108 
0.00000000099999999929 0.00000000099999999929 0.00000000099999999929 0.00000000099999999929 0.99999999600000000211 
0.00000000099999999912 0.00000000099999999912 0.00000000099999999912 0.00000000099999999912 0.99999999600000000211 
0.00000000099999999912 0.00000000099999999912 0.00000000099999999912 0.00000000099999999912 0.99999999599999989108 
0.00000000099999999911 0.00000000099999999911 0.00000000099999999911 0.00000000099999999911 0.99999999600000000211 
0.00000000099999999912 0.00000000099999999912 0.00000000099999999912 0.00000000099999999912 0.99999999600000000211 
0.00000000099999999915 0.00000000099999999915 0.00000000099999999915 0.00000000099999999915 0.99999999599999989108 
0.00000000099999999993 0.00000000099999999993 0.00416641872282917224 0.11406720359014463351 0.88176637568702609382 
