0.99999998800000022836 0.00000000099999999804 0.00000000099999999804 0.00000000099999999804 0.00000000099999999804 0.00000000099999999804 0.00000000099999999804 0.00000000099999999804 0.00000000099999999804 0.00000000099999999804 0.00000000099999999804 0.00000000099999999804 0.00000000099999999804 
0.99999998800000022836 0.00000000099999999807 0.00000000099999999807 0.00000000099999999807 0.00000000099999999807 0.00000000099999999807 0.00000000099999999807 0.00000000099999999807 0.00000000099999999807 0.00000000099999999807 0.00000000099999999807 0.00000000099999999807 0.00000000099999999807 
0.99999998800000022836 0.00000000099999999803 0.00000000099999999803 0.00000000099999999803 0.00000000099999999803 0.00000000099999999803 0.00000000099999999803 0.00000000099999999803 0.00000000099999999803 0.00000000099999999803 0.00000000099999999803 0.00000000099999999803 0.00000000099999999803 
0.00004910839641416308 0.00000002086166213118 0.59122543660403692467 0.00006339368278901612 0.01083319658238431592 0.05552473288163847082 0.18478378445320087220 0.11731282821725513843 0.00003353401115904935 0.00336502863733884961 0.00038920404313494883 0.03433617241398422698 0.00208355921500189001 
0.07274464826400461881 0.00015640420998224049 0.06066645155142044027 0.00008963929195623192 0.31385086669613920796 0.22934213517381477065 0.00016503888606432003 0.16957251670238895902 0.00534054517139683632 0.00010367099996977887 0.02309679265906020018 0.00108668518864123370 0.12378460520516119947 
0.99999998800000011734 0.00000000099999999784 0.00000000099999999784 0.00000000099999999784 0.00000000099999999784 0.00000000099999999784 0.00000000099999999784 0.00000000099999999784 0.00000000099999999784 0.00000000099999999784 0.00000000099999999784 0.00000000099999999784 0.00000000099999999784 
0.99999998800000011734 0.00000000099999999784 0.00000000099999999784 0.00000000099999999784 0.00000000099999999784 0.00000000099999999784 0.00000000099999999784 0.00000000099999999784 0.00000000099999999784 0.00000000099999999784 0.00000000099999999784 0.00000000099999999784 0.00000000099999999784 
0.99999998800000011734 0.00000000099999999757 0.00000000099999999757 0.00000000099999999757 0.00000000099999999757 0.00000000099999999757 0.00000000099999999757 0.00000000099999999757 0.00000000099999999757 0.00000000099999999757 0.00000000099999999757 0.00000000099999999757 0.00000000099999999757 
0.99999998800000000632 0.00000000099999999794 0.00000000099999999794 0.00000000099999999794 0.00000000099999999794 0.00000000099999999794 0.00000000099999999794 0.00000000099999999794 0.00000000099999999794 0.00000000099999999794 0.00000000099999999794 0.00000000099999999794 0.00000000099999999794 
0.99999998800000011734 0.00000000099999999794 0.00000000099999999794 0.00000000099999999794 0.00000000099999999794 0.00000000099999999794 0.00000000099999999794 0.00000000099999999794 0.00000000099999999794 0.00000000099999999794 0.00000000099999999794 0.00000000099999999794 0.00000000099999999794 
0.99999998800000000632 0.00000000099999999736 0.00000000099999999736 0.00000000099999999736 0.00000000099999999736 0.00000000099999999736 0.00000000099999999736 0.00000000099999999736 0.00000000099999999736 0.00000000099999999736 0.00000000099999999736 0.00000000099999999736 0.00000000099999999736 
0.00000000099999999776 0.00000000099999999776 0.99999998800000000632 0.00000000099999999776 0.00000000099999999776 0.00000000099999999776 0.00000000099999999776 0.00000000099999999776 0.00000000099999999776 0.00000000099999999776 0.00000000099999999776 0.00000000099999999776 0.00000000099999999776 
0.00000000099999999774 0.00000000099999999774 0.99999998799999989529 0.00000000099999999774 0.00000000099999999774 0.00000000099999999774 0.00000000099999999774 0.00000000099999999774 0.00000000099999999774 0.00000000099999999774 0.00000000099999999774 0.00000000099999999774 0.00000000099999999774 
0.00000000099999999843 0.00000000099999999843 0.99999998800000011734 0.00000000099999999843 0.00000000099999999843 0.00000000099999999843 0.00000000099999999843 0.00000000099999999843 0.00000000099999999843 0.00000000099999999843 0.00000000099999999843 0.00000000099999999843 0.00000000099999999843 
0.00000000099999999788 0.00000000099999999788 0.99999998800000000632 0.00000000099999999788 0.00000000099999999788 0.00000000099999999788 0.00000000099999999788 0.00000000099999999788 0.00000000099999999788 0.00000000099999999788 0.00000000099999999788 0.00000000099999999788 0.00000000099999999788 
0.00000000099999999946 0.00000000099999999946 0.80014248625304917883 0.00000000099999999946 0.00000000099999999946 0.19985750274695088247 0.00000000099999999946 0.00000000099999999946 0.00000000099999999946 0.00000000099999999946 0.00000000099999999946 0.00000000099999999946 0.00000000099999999946 
0.00000000099999999761 0.00000000099999999761 0.99999998799999989529 0.00000000099999999761 0.00000000099999999761 0.00000000099999999761 0.00000000099999999761 0.00000000099999999761 0.00000000099999999761 0.00000000099999999761 0.00000000099999999761 0.00000000099999999761 0.00000000099999999761 
0.00000000099999999765 0.00000000099999999765 0.99999998799999989529 0.00000000099999999765 0.00000000099999999765 0.00000000099999999765 0.00000000099999999765 0.00000000099999999765 0.00000000099999999765 0.00000000099999999765 0.00000000099999999765 0.00000000099999999765 0.00000000099999999765 
0.00000000099999999882 0.00000000099999999882 0.99999998800000000632 0.00000000099999999882 0.00000000099999999882 0.00000000099999999882 0.00000000099999999882 0.00000000099999999882 0.00000000099999999882 0.00000000099999999882 0.00000000099999999882 0.00000000099999999882 0.00000000099999999882 
0.00000000099999999850 0.00000000099999999850 0.99999998800000011734 0.00000000099999999850 0.00000000099999999850 0.00000000099999999850 0.00000000099999999850 0.00000000099999999850 0.00000000099999999850 0.00000000099999999850 0.00000000099999999850 0.00000000099999999850 0.00000000099999999850 
0.00000000099999999930 0.00000000099999999930 0.99999998800000011734 0.00000000099999999930 0.00000000099999999930 0.00000000099999999930 0.00000000099999999930 0.00000000099999999930 0.00000000099999999930 0.00000000099999999930 0.00000000099999999930 0.00000000099999999930 0.00000000099999999930 
0.00000000099999999841 0.00000000099999999841 0.99999998800000000632 0.00000000099999999841 0.00000000099999999841 0.00000000099999999841 0.00000000099999999841 0.00000000099999999841 0.00000000099999999841 0.00000000099999999841 0.00000000099999999841 0.00000000099999999841 0.00000000099999999841 
0.00000000099999999797 0.00000000099999999797 0.99999998799999989529 0.00000000099999999797 0.00000000099999999797 0.00000000099999999797 0.00000000099999999797 0.00000000099999999797 0.00000000099999999797 0.00000000099999999797 0.00000000099999999797 0.00000000099999999797 0.00000000099999999797 
0.00000000099999999799 0.00000000099999999799 0.99999998799999989529 0.00000000099999999799 0.00000000099999999799 0.00000000099999999799 0.00000000099999999799 0.00000000099999999799 0.00000000099999999799 0.00000000099999999799 0.00000000099999999799 0.00000000099999999799 0.00000000099999999799 
0.00000000099999999761 0.00000000099999999761 0.99999998800000000632 0.00000000099999999761 0.00000000099999999761 0.00000000099999999761 0.00000000099999999761 0.00000000099999999761 0.00000000099999999761 0.00000000099999999761 0.00000000099999999761 0.00000000099999999761 0.00000000099999999761 
0.00000000099999999771 0.00000000099999999771 0.99999998800000000632 0.00000000099999999771 0.00000000099999999771 0.00000000099999999771 0.00000000099999999771 0.00000000099999999771 0.00000000099999999771 0.00000000099999999771 0.00000000099999999771 0.00000000099999999771 0.00000000099999999771 
0.00000000099999999771 0.00000000099999999771 0.99999998799999989529 0.00000000099999999771 0.00000000099999999771 0.00000000099999999771 0.00000000099999999771 0.00000000099999999771 0.00000000099999999771 0.00000000099999999771 0.00000000099999999771 0.00000000099999999771 0.00000000099999999771 
0.65143259678300646787 0.00000000099999999982 0.00697914213841633810 0.00000000099999999982 0.07887701372639781272 0.09894359801885596606 0.04953701950541503085 0.00634374845263790173 0.01507369983574078504 0.00000000099999999982 0.00000000099999999982 0.09281317653952980695 0.00000000099999999982 
0.00000000099999999916 0.00000000099999999916 0.00000000099999999916 0.00000000099999999916 0.99999998800000022836 0.00000000099999999916 0.00000000099999999916 0.00000000099999999916 0.00000000099999999916 0.00000000099999999916 0.00000000099999999916 0.00000000099999999916 0.00000000099999999916 
0.04057252659338602546 0.00000000099999999966 0.00000000099999999966 0.00000000099999999966 0.88643042964976459519 0.00000000099999999966 0.00000000099999999966 0.00000000099999999966 0.07299703375684964135 0.00000000099999999966 0.00000000099999999966 0.00000000099999999966 0.00000000099999999966 
0.00000000099999999943 0.00000000099999999943 0.00000000099999999943 0.00000000099999999943 0.99999998800000022836 0.00000000099999999943 0.00000000099999999943 0.00000000099999999943 0.00000000099999999943 0.00000000099999999943 0.00000000099999999943 0.00000000099999999943 0.00000000099999999943 
0.00000000099999999825 0.00000000099999999825 0.00000000099999999825 0.00000000099999999825 0.00000000099999999825 0.99999998800000011734 0.00000000099999999825 0.00000000099999999825 0.00000000099999999825 0.00000000099999999825 0.00000000099999999825 0.00000000099999999825 0.00000000099999999825 
0.00000000099999999829 0.00000000099999999829 0.00000000099999999829 0.00000000099999999829 0.00000000099999999829 0.99999998800000000632 0.00000000099999999829 0.00000000099999999829 0.00000000099999999829 0.00000000099999999829 0.00000000099999999829 0.00000000099999999829 0.00000000099999999829 
0.59195193989956762515 0.00000000099999999972 0.00000000099999999972 0.00000000099999999972 0.23286657826579515440 0.16150422158883578905 0.00000000099999999972 0.01367725124580161655 0.00000000099999999972 0.00000000099999999972 0.00000000099999999972 0.00000000099999999972 0.00000000099999999972 
0.00000000099999999830 0.00000000099999999830 0.00000000099999999830 0.00000000099999999830 0.00000000099999999830 0.99999998800000000632 0.00000000099999999830 0.00000000099999999830 0.00000000099999999830 0.00000000099999999830 0.00000000099999999830 0.00000000099999999830 0.00000000099999999830 
0.00000000099999999832 0.00000000099999999832 0.00000000099999999832 0.00000000099999999832 0.00000000099999999832 0.99999998800000000632 0.00000000099999999832 0.00000000099999999832 0.00000000099999999832 0.00000000099999999832 0.00000000099999999832 0.00000000099999999832 0.00000000099999999832 
0.03117618544598258282 0.01265314237411403406 0.03661101143249511497 0.45365084943152572672 0.04918387750575827638 0.11856673643495646564 0.00000000099999999999 0.01069952556407919621 0.00000000099999999999 0.06219650447499504992 0.02147813110193746294 0.12809754951746488150 0.07568648471669137123 
0.00000000099999999976 0.05678558420659669120 0.00000000099999999976 0.19803283626811449269 0.11425628302936388647 0.00000000099999999976 0.00000000099999999976 0.00000000099999999976 0.00000000099999999976 0.63092528749592480253 0.00000000099999999976 0.00000000099999999976 0.00000000099999999976 
0.00000000099999999995 0.03015526073599398421 0.00000000099999999995 0.13465212767080714240 0.02599699656421853786 0.00000000099999999995 0.05790387901251801278 0.05450849220968521924 0.08486646971422516506 0.61064715149908832537 0.00126961759346380437 0.00000000099999999995 0.00000000099999999995 
0.01121099062974681253 0.03714562124809610288 0.01151017657585469249 0.28322833147651904628 0.02816450127045736981 0.00000000099999999994 0.09110057408463703710 0.00000000099999999994 0.12318411970089294949 0.41378711599651624153 0.00066856501727964905 0.00000000099999999994 0.00000000099999999994 
0.00000000099999999985 0.00000000099999999985 0.00256271101073994112 0.64582301787776963398 0.04692345378748370710 0.00000000099999999985 0.11764624534448936410 0.00000000099999999985 0.04493394094902546099 0.03039835019522135751 0.00000000099999999985 0.11171227483527046420 0.00000000099999999985 
0.00311906396912155518 0.03269527218567979537 0.00000000099999999997 0.25732975096187143960 0.05881769810397842468 0.00112950548589814555 0.03788061694298131693 0.12439400827450068643 0.07125334561714449788 0.41233176484360051228 0.00000000099999999997 0.00104897061522365911 0.00000000099999999997 
0.02850748115298665578 0.00000000099999999992 0.00000000099999999992 0.48764939192622791531 0.00000000099999999992 0.06720070966446375915 0.02440068369201394208 0.00000000099999999992 0.04821603125524611538 0.28702946625377612211 0.00000000099999999992 0.05699623005528561132 0.00000000099999999992 
0.00000000099999999994 0.00000000099999999994 0.00000000099999999994 0.46002684605360816272 0.08325879720384127269 0.11046354280360283495 0.05820250010149735642 0.04936159908998703078 0.05675867033841608400 0.02530916904506441689 0.00000000099999999994 0.13753427104596813169 0.01908460031801464951 
0.00000000099999999995 0.01267980560006749628 0.00000000099999999995 0.37032261881134104220 0.01405092919034173563 0.00000000099999999995 0.14771727767653936025 0.00000000099999999995 0.08506655105561074237 0.23452761615700076780 0.00000000099999999995 0.08279133420914600028 0.05284386229995293588 
0.00000000099999999991 0.00933855556946133411 0.00000000099999999991 0.09327584247077123913 0.21062629855719944283 0.00000000099999999991 0.14430810064611071519 0.10131754841779865017 0.07944766568032896048 0.27403744282559588941 0.00000000099999999991 0.08764854083273369845 0.00000000099999999991 
0.00000000099999999993 0.00000000099999999993 0.12052816428408613669 0.01653052042883802059 0.03641873552933915653 0.43291991052467992951 0.00000000099999999993 0.00622158462377495492 0.19608094372931250682 0.04916310606272383810 0.00000000099999999993 0.14213702981724551933 0.00000000099999999993 
0.00977039601857869304 0.00000000099999999981 0.00000000099999999981 0.85951071626623265498 0.00000000099999999981 0.00000000099999999981 0.00000000099999999981 0.00000000099999999981 0.00000000099999999981 0.00000000099999999981 0.06900045332773682705 0.00000000099999999981 0.06171842538745193202 
0.04714312889892494779 0.00000000099999999976 0.00000000099999999976 0.83416451490554166526 0.00000000099999999976 0.00000000099999999976 0.00000000099999999976 0.00000000099999999976 0.00000000099999999976 0.00000000099999999976 0.02239779401588934057 0.00000000099999999976 0.09629455317964422112 
0.01600868380746388320 0.00684350650123391035 0.00000000099999999971 0.88301152379610758913 0.00000000099999999971 0.00000000099999999971 0.00000000099999999971 0.00000000099999999971 0.00000000099999999971 0.00000000099999999971 0.05002475710497281125 0.00000000099999999971 0.04411152079022204187 
0.02691628092943826323 0.00717386049835274080 0.02881837534834788897 0.65017738891908716248 0.00000000099999999999 0.02037294822332135283 0.00147261462386413734 0.00255476733190508534 0.00000000099999999999 0.10549719210525441981 0.07794911753152933276 0.01270978562409208305 0.06635766686480773502 
0.02240521303114052093 0.00488466020479426562 0.00052143260208879316 0.67320788538713172144 0.00000000099999999999 0.05606465039922242655 0.00781926422790633555 0.00072532247118872219 0.00000000099999999999 0.07620013744185578919 0.07372646072417256280 0.02771539373977380954 0.05672957777072512586 
0.00000000099999999948 0.00000000099999999948 0.09694767571731904843 0.00000000099999999948 0.00000000099999999948 0.82040209600837699089 0.00000000099999999948 0.00000000099999999948 0.00000000099999999948 0.00000000099999999948 0.00000000099999999948 0.00000000099999999948 0.08265021827430427126 
0.09026561457137102784 0.00000000099999999969 0.03093201204457145248 0.00000000099999999969 0.06549961050511547700 0.55044671604521111519 0.01752066449718692881 0.00000000099999999969 0.00000000099999999969 0.00000000099999999969 0.00000000099999999969 0.00000000099999999969 0.24533537533654412033 
0.09927915052810108720 0.00872957703151963117 0.05516351652890424256 0.00000000099999999984 0.00922849599400283639 0.60024585310552136530 0.00000000099999999984 0.00000000099999999984 0.00000000099999999984 0.08198718192683270012 0.00000000099999999984 0.00000000099999999984 0.14536621888511841449 
0.00000000099999999962 0.00000000099999999962 0.07156699301675176206 0.00000000099999999962 0.00000000099999999962 0.76629428140246003132 0.00000000099999999962 0.00000000099999999962 0.00000000099999999962 0.00000000099999999962 0.00000000099999999962 0.00000000099999999962 0.16213871558078840618 
0.08265873892594977068 0.00000000099999999978 0.06992119931089783857 0.00000000099999999978 0.00000000099999999978 0.67381502313676677751 0.00000000099999999978 0.00000000099999999978 0.00000000099999999978 0.00000000099999999978 0.00000000099999999978 0.00000000099999999978 0.17360502962638588165 
0.20294085442252124407 0.00000000099999999963 0.04920866596325654957 0.00000000099999999963 0.00000000099999999963 0.42754825192413770107 0.00000000099999999963 0.00000000099999999963 0.00000000099999999963 0.06252224256408647762 0.00000000099999999963 0.00000000099999999963 0.25777997712599809432 
0.09523192694565077443 0.04314267233970331406 0.08980692796290190572 0.00000000099999999990 0.00000000099999999990 0.45706451140415582657 0.05262686926474961085 0.00061234303291934141 0.00000000099999999990 0.17957258120533517443 0.00000000099999999990 0.00000000099999999990 0.08194216284458419319 
0.16425284093761630122 0.04390019067907484362 0.00000000099999999989 0.09883275316923273435 0.01062676223745922556 0.01519061667654897016 0.00000000099999999989 0.00000000099999999989 0.00000000099999999989 0.00000000099999999989 0.00000000099999999989 0.00194739759186319562 0.66524943270820457997 
0.15394368748608558417 0.00000000099999999999 0.04122420933958208938 0.17904996173476428467 0.00000000099999999999 0.06791595237160757970 0.01101474032454490340 0.01969818904517632932 0.01801985248844814591 0.03449604685767224815 0.00000000099999999999 0.03879035496803941857 0.43584700238407936279 
0.18929908535212794374 0.01688382943200356437 0.03435882435807018076 0.06076615328073693006 0.00000000099999999984 0.00000000099999999984 0.00000000099999999984 0.00000000099999999984 0.00000000099999999984 0.00000000099999999984 0.00000000099999999984 0.00000000099999999984 0.69869209957706124303 
0.04269982283226326364 0.00000000099999999984 0.00000000099999999984 0.08742856948179925092 0.00000000099999999984 0.00000000099999999984 0.00000000099999999984 0.00000000099999999984 0.41369913396841623277 0.25950773796944548444 0.00000000099999999984 0.03209559604236911223 0.16456913270570663888 
0.07116864771019490443 0.00221699316233682454 0.08572403179698991071 0.10440931362129253490 0.05050206074502803372 0.23009156763674198931 0.03726118171025009224 0.10197539052063707421 0.00000000099999999997 0.15407861524677199383 0.00000000099999999997 0.14280109852091546485 0.01977109732884109114 
0.00000000099999999985 0.00000000099999999985 0.04800041937214465787 0.18179132602922815076 0.10811708370938472035 0.18961277877263651992 0.01776350324385553292 0.12095527803025500624 0.01034299818230160345 0.07382020452384266407 0.00000000099999999985 0.24959640413635109102 0.00000000099999999985 
0.00016569831926497276 0.00000000099999999998 0.00973886136059013731 0.31145070423189291642 0.05174732998567992126 0.14219127337723960758 0.05656592869381418809 0.13238491999056803405 0.08461249167640715052 0.00510096005955459897 0.00000000099999999998 0.19721569679890713078 0.00882613350608160534 
0.00000000099999999992 0.00000000099999999992 0.06235368761044776664 0.36106720889969934341 0.00000000099999999992 0.14487382044639532386 0.01780548737312341243 0.10557403011020508043 0.07841348398661036889 0.04164075520366217198 0.00000000099999999992 0.18827152136985658704 0.00000000099999999992 
0.08149597070106125163 0.00000000099999999984 0.00000000099999999984 0.73936183902812602220 0.00000000099999999984 0.00000000099999999984 0.00000000099999999984 0.00000000099999999984 0.00000000099999999984 0.06457780489163238158 0.00000000099999999984 0.11456437637918059913 0.00000000099999999984 
0.02839510225907222740 0.00000000099999999992 0.02426993591834075703 0.62302740888034646716 0.04087230855979578914 0.07818078676371501001 0.00000000099999999992 0.06110481284571207122 0.00583896156750226408 0.00000000099999999992 0.00000000099999999992 0.12152442440684314839 0.01678625479867233011 
0.00000000099999999946 0.00000000099999999946 0.00000000099999999946 0.93163123289521321269 0.00000000099999999946 0.00000000099999999946 0.00000000099999999946 0.00000000099999999946 0.00000000099999999946 0.00000000099999999946 0.00000000099999999946 0.06836875610478684862 0.00000000099999999946 
0.00000000099999999955 0.00000000099999999955 0.00000000099999999955 0.84969277511389951218 0.00000000099999999955 0.00000000099999999955 0.00000000099999999955 0.00000000099999999955 0.00000000099999999955 0.00000000099999999955 0.00000000099999999955 0.15030721388610060463 0.00000000099999999955 
0.00646394363815204921 0.00846887984207867449 0.01674220646144985655 0.44572320397465403641 0.02752736756698387702 0.15169649923835784588 0.02448591183018517664 0.10391056979831377050 0.06395129971358202992 0.05422609647885100193 0.00000000099999999998 0.09264460447776383389 0.00415941597962774835 
0.05219970015474958980 0.03465768590046434255 0.00000000099999999997 0.48361200055086472904 0.00190735996818705155 0.00000000099999999997 0.00001600153463255317 0.00000000099999999997 0.00000000099999999997 0.11068374091562004080 0.00233805190274233125 0.05499695590073486878 0.25958849917200477186 
0.00000000099999999988 0.00000000099999999988 0.02647415703050097491 0.17225261169314684540 0.00000000099999999988 0.26589557953035791726 0.00000000099999999988 0.17442010496943366471 0.00000000099999999988 0.03168057549628852665 0.00000000099999999988 0.32927696428027192210 0.00000000099999999988 
0.00000000099999999974 0.00000000099999999974 0.00049297067545439903 0.83007514254693537392 0.00000000099999999974 0.00000000099999999974 0.00000000099999999974 0.00962254519478862244 0.00000000099999999974 0.00000000099999999974 0.00000000099999999974 0.15980933258282167819 0.00000000099999999974 
0.00298541264452486382 0.07694641676056700186 0.04086669748623381060 0.45655019906279969977 0.09421671423027425107 0.12534456092213872025 0.00421789642615237777 0.07392460786211203783 0.00000000099999999997 0.05349762095547538898 0.00000000099999999997 0.06136534964002595544 0.01008452200969601510 
0.05328755374963893565 0.02193031046284438929 0.07549864042684745202 0.31122224759143485295 0.10650926315059394689 0.05519005272514213023 0.00000000100000000000 0.04622815644231410837 0.00000000100000000000 0.10916721604767873344 0.01167225816759946515 0.07400395990443832395 0.13529033933146761282 
0.00000000099999999998 0.01540478213225970200 0.13079515506596725571 0.09021489989297136469 0.13866269321938776149 0.09307382512636404315 0.03620928874187392954 0.07343792696485321181 0.01382972409476551298 0.14552759092648603900 0.00000000099999999998 0.24544666147681210022 0.01739745035825916719 
0.00000000099999999983 0.00000000099999999983 0.01244532207754026759 0.70851709828405440295 0.03730641907145033215 0.00000000099999999983 0.01021903145721607571 0.02184641850715089706 0.00000000099999999983 0.08633607388534796090 0.00000000099999999983 0.12332963071724001303 0.00000000099999999983 
0.00000000099999999984 0.00000000099999999984 0.01330071544297177673 0.50739854104517367883 0.00000000099999999984 0.20074459310466646889 0.00000000099999999984 0.03037378816147209143 0.00000000099999999984 0.12632839811264376384 0.00000000099999999984 0.12185395713307227428 0.00000000099999999984 
0.00000000099999999985 0.00000000099999999985 0.02939430497813198817 0.74363251157334353536 0.00000000099999999985 0.01923667851896591896 0.00861344926706987535 0.06200903148591226793 0.00000000099999999985 0.00000000099999999985 0.00000000099999999985 0.13711401717657642485 0.00000000099999999985 
0.08284072813878086416 0.01016188406104616936 0.01374423456371022013 0.23280678875965180041 0.08029561601848363150 0.17787180849259159876 0.00000000099999999995 0.09342164072549183351 0.00000000099999999995 0.00000000099999999995 0.00000000099999999995 0.17989114533656402894 0.12896614990367991083 
0.04167950116301419317 0.00000000099999999996 0.03939637957341552560 0.27318688348211778161 0.06985482056130029593 0.19595186114004117806 0.00455364768987636618 0.06521880073846676729 0.00000000099999999996 0.05465940064400268833 0.00000000099999999996 0.25429849831880235733 0.00120020368896291401 
0.02063914420648213857 0.00000000099999999998 0.03035215095992917569 0.05613092100700765169 0.13511596787177554413 0.10817700057795047452 0.04824475639716356568 0.07773666526180952885 0.06852012806792778798 0.29857258517328083558 0.01211755658405336798 0.14406896174911959507 0.00032416114350029081 
0.00000000099999999990 0.01990804211709040761 0.05508140519445300226 0.04720132942153521666 0.07142932633452361846 0.27723831281417959937 0.00000000099999999990 0.16195926347897160458 0.06695478957790575170 0.08194873297819264824 0.00000000099999999990 0.17035456688574227013 0.04792422819740584788 
0.03656514778123706733 0.00000000099999999995 0.03586657267224799273 0.26215316527513471412 0.09737530426805685035 0.11114035340918637651 0.00000000099999999995 0.10311166876206757925 0.00000000099999999995 0.09956300023251715703 0.00000000099999999995 0.25422478259955222368 0.00000000099999999995 
0.00000000099999999872 0.00000000099999999872 0.00000000099999999872 0.00000000099999999872 0.99999998800000000632 0.00000000099999999872 0.00000000099999999872 0.00000000099999999872 0.00000000099999999872 0.00000000099999999872 0.00000000099999999872 0.00000000099999999872 0.00000000099999999872 
0.02330448509642409072 0.07309147956298059357 0.00000000099999999990 0.13494877875750579954 0.06348033356575526198 0.00000000099999999990 0.00373682558876529698 0.00000000099999999990 0.04721517111844803632 0.56643835961536259660 0.00000000099999999990 0.00000000099999999990 0.08778456169475817861 
0.49004700748279877986 0.00000000099999999957 0.00000000099999999957 0.00000000099999999957 0.50995298151720136470 0.00000000099999999957 0.00000000099999999957 0.00000000099999999957 0.00000000099999999957 0.00000000099999999957 0.00000000099999999957 0.00000000099999999957 0.00000000099999999957 
0.48759484591425361621 0.00291358539091128490 0.00000000099999999984 0.00000000099999999984 0.27986641583341975714 0.06506960908455262926 0.00000000099999999984 0.04036901391039328379 0.05189411906292318993 0.00000000099999999984 0.00000000099999999984 0.07229240480354624798 0.00000000099999999984 
0.40981450421725512667 0.00000000099999999988 0.09926151449813420957 0.00707523663198619986 0.29910957176363356380 0.07764156365898017276 0.00000000099999999988 0.04190219364916657890 0.00000000099999999988 0.00000000099999999988 0.00000000099999999988 0.06519540958084411864 0.00000000099999999988 
0.27203235955080640185 0.00000000099999999989 0.04642089532608261598 0.00000000099999999989 0.18570721377371463001 0.17831315292368682401 0.07566893776689528894 0.00000000099999999989 0.00000000099999999989 0.06531010531201160429 0.00000000099999999989 0.00000000099999999989 0.17654732934680267276 
0.01898623246147877058 0.00000000099999999937 0.00000000099999999937 0.00000000099999999937 0.00000000099999999937 0.98101375653852140868 0.00000000099999999937 0.00000000099999999937 0.00000000099999999937 0.00000000099999999937 0.00000000099999999937 0.00000000099999999937 0.00000000099999999937 
0.03343751361636701502 0.00000000099999999983 0.10033991061453574611 0.00000000099999999983 0.07744470462135802369 0.53586810573259424650 0.01730889319500475768 0.00000000099999999983 0.00000000099999999983 0.07545729221752708882 0.00000000099999999983 0.00000000099999999983 0.16014357400261328146 
0.00000000099999999814 0.00000000099999999814 0.99999998800000011734 0.00000000099999999814 0.00000000099999999814 0.00000000099999999814 0.00000000099999999814 0.00000000099999999814 0.00000000099999999814 0.00000000099999999814 0.00000000099999999814 0.00000000099999999814 0.00000000099999999814 
0.00000000099999999816 0.00000000099999999816 0.99999998800000000632 0.00000000099999999816 0.00000000099999999816 0.00000000099999999816 0.00000000099999999816 0.00000000099999999816 0.00000000099999999816 0.00000000099999999816 0.00000000099999999816 0.00000000099999999816 0.00000000099999999816 
0.00000000099999999814 0.00000000099999999814 0.99999998800000000632 0.00000000099999999814 0.00000000099999999814 0.00000000099999999814 0.00000000099999999814 0.00000000099999999814 0.00000000099999999814 0.00000000099999999814 0.00000000099999999814 0.00000000099999999814 0.00000000099999999814 
0.02871061072389062899 0.01089022717526356640 0.01089937787352246792 0.49333256320186097410 0.00000000099999999991 0.03985430455954216966 0.00000000099999999991 0.00000000099999999991 0.00000000099999999991 0.37080873773597539111 0.02931272524601807178 0.00000000099999999991 0.01619144848392695471 
0.04620951654681340615 0.02777637737913559585 0.01222715413911477055 0.64305215497114975864 0.00000000099999999997 0.08663237489886567444 0.02175697023248743603 0.00527439666413709232 0.00000000099999999997 0.06787614623168587713 0.04844849945782622735 0.00490804062691539266 0.03583836685186884974 
0.05262549674237790992 0.00996060656339112054 0.01488512932497079548 0.66090976484069785535 0.00555554017933695791 0.03477792663377284738 0.02570381299412668324 0.00000000099999999998 0.00000000099999999998 0.06704291681216474619 0.06216228973242272915 0.02785348174584391032 0.03852303243089440221 
0.02798876021675793940 0.00000000099999999997 0.00922500885875341542 0.72755435753531383369 0.00000000099999999997 0.04939724212320438512 0.00000000099999999997 0.00000000099999999997 0.00000000099999999997 0.09903561573233220228 0.07011289025428116273 0.01668611927935719982 0.00000000099999999997 
0.00000000099999999935 0.00000000099999999935 0.00000000099999999935 0.99999998800000011734 0.00000000099999999935 0.00000000099999999935 0.00000000099999999935 0.00000000099999999935 0.00000000099999999935 0.00000000099999999935 0.00000000099999999935 0.00000000099999999935 0.00000000099999999935 
0.00000000099999999943 0.00000000099999999943 0.00000000099999999943 0.99999998800000022836 0.00000000099999999943 0.00000000099999999943 0.00000000099999999943 0.00000000099999999943 0.00000000099999999943 0.00000000099999999943 0.00000000099999999943 0.00000000099999999943 0.00000000099999999943 
0.00000000099999999769 0.00000000099999999769 0.00000000099999999769 0.00000000099999999769 0.00000000099999999769 0.00000000099999999769 0.00000000099999999769 0.00000000099999999769 0.00000000099999999769 0.00000000099999999769 0.99999998799999989529 0.00000000099999999769 0.00000000099999999769 
0.00000000099999999730 0.00000000099999999730 0.00000000099999999730 0.00000000099999999730 0.00000000099999999730 0.00000000099999999730 0.00000000099999999730 0.00000000099999999730 0.00000000099999999730 0.00000000099999999730 0.99999998799999989529 0.00000000099999999730 0.00000000099999999730 
0.00000000099999999961 0.00000000099999999961 0.00000000099999999961 0.06858356745614350991 0.00000000099999999961 0.00000000099999999961 0.00000000099999999961 0.00000000099999999961 0.00000000099999999961 0.00000000099999999961 0.93141642154385650976 0.00000000099999999961 0.00000000099999999961 
0.00000000099999999795 0.00000000099999999795 0.00000000099999999795 0.00000000099999999795 0.00000000099999999795 0.00000000099999999795 0.00000000099999999795 0.00000000099999999795 0.00000000099999999795 0.00000000099999999795 0.99999998799999978427 0.00000000099999999795 0.00000000099999999795 
0.00000000099999999758 0.00000000099999999758 0.00000000099999999758 0.00000000099999999758 0.00000000099999999758 0.00000000099999999758 0.00000000099999999758 0.00000000099999999758 0.00000000099999999758 0.00000000099999999758 0.99999998799999989529 0.00000000099999999758 0.00000000099999999758 
0.00000000099999999694 0.00000000099999999694 0.00000000099999999694 0.00000000099999999694 0.00000000099999999694 0.00000000099999999694 0.00000000099999999694 0.00000000099999999694 0.00000000099999999694 0.00000000099999999694 0.99999998799999989529 0.00000000099999999694 0.00000000099999999694 
0.00000000099999999695 0.00000000099999999695 0.00000000099999999695 0.00000000099999999695 0.00000000099999999695 0.00000000099999999695 0.00000000099999999695 0.00000000099999999695 0.00000000099999999695 0.00000000099999999695 0.99999998799999989529 0.00000000099999999695 0.00000000099999999695 
0.02128098161481716336 0.00000000099999999994 0.00000000099999999994 0.32611772439473180052 0.00000000099999999994 0.00000000099999999994 0.14710328280272477741 0.00000000099999999994 0.00557562123043552852 0.48284972940435810784 0.01559490726528187272 0.00000000099999999994 0.00147774728765087682 
0.00000000099999999708 0.00000000099999999708 0.00000000099999999708 0.00000000099999999708 0.00000000099999999708 0.00000000099999999708 0.00000000099999999708 0.00000000099999999708 0.00000000099999999708 0.00000000099999999708 0.99999998799999978427 0.00000000099999999708 0.00000000099999999708 
0.00000000099999999727 0.00000000099999999727 0.00000000099999999727 0.00000000099999999727 0.00000000099999999727 0.00000000099999999727 0.00000000099999999727 0.00000000099999999727 0.00000000099999999727 0.00000000099999999727 0.99999998799999978427 0.00000000099999999727 0.00000000099999999727 
0.00000000099999999730 0.00000000099999999730 0.00000000099999999730 0.00000000099999999730 0.00000000099999999730 0.00000000099999999730 0.00000000099999999730 0.00000000099999999730 0.00000000099999999730 0.00000000099999999730 0.99999998799999989529 0.00000000099999999730 0.00000000099999999730 
0.00000000099999999750 0.00000000099999999750 0.00000000099999999750 0.00000000099999999750 0.00000000099999999750 0.00000000099999999750 0.00000000099999999750 0.00000000099999999750 0.00000000099999999750 0.00000000099999999750 0.99999998799999989529 0.00000000099999999750 0.00000000099999999750 
0.00000000099999999694 0.00000000099999999694 0.00000000099999999694 0.00000000099999999694 0.00000000099999999694 0.00000000099999999694 0.00000000099999999694 0.00000000099999999694 0.00000000099999999694 0.00000000099999999694 0.99999998799999989529 0.00000000099999999694 0.00000000099999999694 
0.00000000099999999703 0.00000000099999999703 0.00000000099999999703 0.00000000099999999703 0.00000000099999999703 0.00000000099999999703 0.00000000099999999703 0.00000000099999999703 0.00000000099999999703 0.00000000099999999703 0.99999998799999978427 0.00000000099999999703 0.00000000099999999703 
0.00673822094416529072 0.00000000099999999997 0.00783147160955755678 0.23607709744167107435 0.13285377610897000644 0.01686323694027397346 0.00000000099999999997 0.10525124931915685877 0.03221784591840976680 0.37087014755726599446 0.00000000099999999997 0.06575024742350794871 0.02554670373702150679 
0.00000000099999999997 0.03073564135450252213 0.02364415136868499787 0.03501925266091032024 0.01316645406835794882 0.00000000099999999997 0.03543988525014009350 0.01987559726091831305 0.07273090445428280482 0.74712438576895801035 0.00518677285327974729 0.00000000099999999997 0.01707695195996516979 
0.00478960068220538222 0.11851022983162083635 0.00000000099999999990 0.08802799747481489245 0.06315354989012254838 0.00000000099999999990 0.02533136245742896586 0.00000000099999999990 0.02720751762976038671 0.54682299600180994670 0.00422716798518945561 0.00000000099999999990 0.12192957404704760083 
0.00000071097006293001 0.07154042953557418483 0.00000000099999999996 0.00000000099999999996 0.00000000099999999996 0.05378185135764483593 0.04583906559532179015 0.01564754897173823919 0.04048421265937363067 0.73391795927691172441 0.00000000099999999996 0.00000000099999999996 0.03878821663337264636 
0.03708402655875869119 0.00171121461932396838 0.00000000099999999999 0.08648575738567008953 0.11179466046333028095 0.08087071045215725451 0.00000000099999999999 0.04265651925981921860 0.08178216000875111746 0.33649575022531857948 0.01532083114845163643 0.12265900091865014621 0.08313936695976907598 
0.03118716629543241692 0.14761634078653690372 0.00000000099999999987 0.01769987567616372603 0.00000000099999999987 0.00329693982439236257 0.00000000099999999987 0.00000000099999999987 0.00000000099999999987 0.73201141420836324247 0.00000000099999999987 0.00000000099999999987 0.06818825620911150853 
0.01149184638637902253 0.12279512675926228249 0.00000000099999999987 0.01853840217681167885 0.01524967955685186706 0.00000000099999999987 0.02519461930577986813 0.00000000099999999987 0.00000000099999999987 0.75961194602687176491 0.00000000099999999987 0.00000000099999999987 0.04711837378804360071 
0.00277402598036691379 0.08756167032383263549 0.00000000099999999989 0.00000000099999999989 0.00294155730189528050 0.00000000099999999989 0.00000000099999999989 0.00000000099999999989 0.00000000099999999989 0.81164486481559450226 0.00062875865491826154 0.00000000099999999989 0.09444911592339248763 
0.03723550903841099657 0.08828128340616024639 0.00000000099999999998 0.03950422458774051349 0.03961638687656661439 0.02449371842097810767 0.00000000099999999998 0.00000000099999999998 0.01450299106934269111 0.70644539835348896251 0.00265722488110923085 0.00235853160851009873 0.04490472875769269817 
0.00519686144730583267 0.11805379400876366003 0.01863350557341672889 0.00000000099999999983 0.05558633205760137724 0.00000000099999999983 0.00000000099999999983 0.00000000099999999983 0.00000000099999999983 0.67746396192116997703 0.00000000099999999983 0.00000000099999999983 0.12506553799174258135 
0.00223842656328563641 0.13183039197267298892 0.00000000099999999981 0.00000000099999999981 0.04234967655751871451 0.00000000099999999981 0.00000000099999999981 0.00000000099999999981 0.00000000099999999981 0.74387412704187627632 0.00000000099999999981 0.00000000099999999981 0.07970736986464649343 
0.00086275316540425644 0.11760068356227869335 0.01829324839561510124 0.00000000099999999982 0.06310730234451868148 0.00000000099999999982 0.00000000099999999982 0.00000000099999999982 0.00000000099999999982 0.67173552306644379595 0.00000000099999999982 0.00000000099999999982 0.12840048246573967927 
0.00000000099999999997 0.01079530676501779148 0.03049993165896215663 0.05765484033925695473 0.00262013664734406194 0.00000000099999999997 0.18885538334952328698 0.01141367534270519915 0.16441158496311111814 0.51961568318366557762 0.01413345375041383072 0.00000000099999999997 0.00000000099999999997 
0.00083727155084283781 0.04497041868971131395 0.01557954640105204194 0.00000000099999999992 0.00000000099999999992 0.00000000099999999992 0.10040444857144713298 0.04326514123489302865 0.14635458079444099710 0.62622674917188891897 0.00000000099999999992 0.00367277169817260872 0.01868906788755112999 
0.00000000099999999978 0.00000000099999999978 0.08616789888845408085 0.12410003773335777366 0.24960042149920824706 0.15808010937262403917 0.01688917953910715197 0.12604053425645203590 0.03209682054719453087 0.00000000099999999978 0.00000000099999999978 0.20702499316360220560 0.00000000099999999978 
0.03457084877770457559 0.00000000099999999996 0.34686814329006970814 0.07388940201342274194 0.05703005286829034015 0.22578548004443857455 0.00000000099999999996 0.11660075181676246570 0.01892307076175197764 0.04282794637875877997 0.00000000099999999996 0.08350430004880102230 0.00000000099999999996 
