0.00000000099999999825 0.00000000099999999825 0.00000000099999999825 0.00000000099999999825 0.00000000099999999825 0.00000000099999999825 0.00000000099999999825 0.00000000099999999825 0.00000000099999999825 0.00000000099999999825 0.99999998899999997803 0.00000000099999999825 
0.00000000099999999828 0.00000000099999999828 0.00000000099999999828 0.00000000099999999828 0.00000000099999999828 0.00000000099999999828 0.00000000099999999828 0.00000000099999999828 0.00000000099999999828 0.00000000099999999828 0.99999998899999997803 0.00000000099999999828 
0.00000000099999999825 0.00000000099999999825 0.00000000099999999825 0.00000000099999999825 0.00000000099999999825 0.00000000099999999825 0.00000000099999999825 0.00000000099999999825 0.00000000099999999825 0.00000000099999999825 0.99999998899999986701 0.00000000099999999825 
0.16909236848398589981 0.74226794336602097690 0.00000092318376740528 0.00008622112021220530 0.08298031113270312731 0.00206717593392989358 0.00000000100000000000 0.00189693357558517062 0.00152583332908134495 0.00000094304294992814 0.00000124366161457178 0.00008010217014941002 
0.00000060959099557662 0.23442665968575160385 0.00000006885352739554 0.00000000100000000000 0.00000000100000000000 0.00000046337032630507 0.00000085517529321993 0.76528084905762649992 0.00000575149104483272 0.00000048414066936381 0.00000000419748260834 0.00028425243728269381 
0.00000000099999999806 0.00000000099999999806 0.00000000099999999806 0.00000000099999999806 0.00000000099999999806 0.00000000099999999806 0.00000000099999999806 0.00000000099999999806 0.00000000099999999806 0.00000000099999999806 0.99999998899999997803 0.00000000099999999806 
0.00000000099999999805 0.00000000099999999805 0.00000000099999999805 0.00000000099999999805 0.00000000099999999805 0.00000000099999999805 0.00000000099999999805 0.00000000099999999805 0.00000000099999999805 0.00000000099999999805 0.99999998899999986701 0.00000000099999999805 
0.00000000099999999783 0.00000000099999999783 0.00000000099999999783 0.00000000099999999783 0.00000000099999999783 0.00000000099999999783 0.00000000099999999783 0.00000000099999999783 0.00000000099999999783 0.00000000099999999783 0.99999998899999986701 0.00000000099999999783 
0.00000000099999999809 0.00000000099999999809 0.00000000099999999809 0.00000000099999999809 0.00000000099999999809 0.00000000099999999809 0.00000000099999999809 0.00000000099999999809 0.00000000099999999809 0.00000000099999999809 0.99999998899999997803 0.00000000099999999809 
0.00000000099999999809 0.00000000099999999809 0.00000000099999999809 0.00000000099999999809 0.00000000099999999809 0.00000000099999999809 0.00000000099999999809 0.00000000099999999809 0.00000000099999999809 0.00000000099999999809 0.99999998899999997803 0.00000000099999999809 
0.00000000099999999762 0.00000000099999999762 0.00000000099999999762 0.00000000099999999762 0.00000000099999999762 0.00000000099999999762 0.00000000099999999762 0.00000000099999999762 0.00000000099999999762 0.00000000099999999762 0.99999998899999997803 0.00000000099999999762 
0.00000000099999999735 0.99999998899999997803 0.00000000099999999735 0.00000000099999999735 0.00000000099999999735 0.00000000099999999735 0.00000000099999999735 0.00000000099999999735 0.00000000099999999735 0.00000000099999999735 0.00000000099999999735 0.00000000099999999735 
0.00000000099999999732 0.99999998899999997803 0.00000000099999999732 0.00000000099999999732 0.00000000099999999732 0.00000000099999999732 0.00000000099999999732 0.00000000099999999732 0.00000000099999999732 0.00000000099999999732 0.00000000099999999732 0.00000000099999999732 
0.00000000099999999781 0.00000000099999999781 0.00000000099999999781 0.99999998899999997803 0.00000000099999999781 0.00000000099999999781 0.00000000099999999781 0.00000000099999999781 0.00000000099999999781 0.00000000099999999781 0.00000000099999999781 0.00000000099999999781 
0.00000000099999999829 0.58291395171711035683 0.00000000099999999829 0.41708603828288964843 0.00000000099999999829 0.00000000099999999829 0.00000000099999999829 0.00000000099999999829 0.00000000099999999829 0.00000000099999999829 0.00000000099999999829 0.00000000099999999829 
0.00000000099999999929 0.26071121809670627645 0.00000000099999999929 0.52744437083990391990 0.00000000099999999929 0.00000000099999999929 0.00000000099999999929 0.21184440206338986390 0.00000000099999999929 0.00000000099999999929 0.00000000099999999929 0.00000000099999999929 
0.00000000099999999774 0.99999998899999997803 0.00000000099999999774 0.00000000099999999774 0.00000000099999999774 0.00000000099999999774 0.00000000099999999774 0.00000000099999999774 0.00000000099999999774 0.00000000099999999774 0.00000000099999999774 0.00000000099999999774 
0.00000000099999999735 0.99999998900000008906 0.00000000099999999735 0.00000000099999999735 0.00000000099999999735 0.00000000099999999735 0.00000000099999999735 0.00000000099999999735 0.00000000099999999735 0.00000000099999999735 0.00000000099999999735 0.00000000099999999735 
0.00000000099999999880 0.22029087834824115366 0.00000000099999999880 0.77970911165175904589 0.00000000099999999880 0.00000000099999999880 0.00000000099999999880 0.00000000099999999880 0.00000000099999999880 0.00000000099999999880 0.00000000099999999880 0.00000000099999999880 
0.00000000099999999893 0.64855022684257412902 0.00000000099999999893 0.35144976315742593176 0.00000000099999999893 0.00000000099999999893 0.00000000099999999893 0.00000000099999999893 0.00000000099999999893 0.00000000099999999893 0.00000000099999999893 0.00000000099999999893 
0.00000000099999999928 0.31951258263790899283 0.00000000099999999928 0.68048740736209112345 0.00000000099999999928 0.00000000099999999928 0.00000000099999999928 0.00000000099999999928 0.00000000099999999928 0.00000000099999999928 0.00000000099999999928 0.00000000099999999928 
0.00000000099999999782 0.00000000099999999782 0.00000000099999999782 0.99999998899999986701 0.00000000099999999782 0.00000000099999999782 0.00000000099999999782 0.00000000099999999782 0.00000000099999999782 0.00000000099999999782 0.00000000099999999782 0.00000000099999999782 
0.00000000099999999852 0.93349579932622006595 0.00000000099999999852 0.06650419067378006421 0.00000000099999999852 0.00000000099999999852 0.00000000099999999852 0.00000000099999999852 0.00000000099999999852 0.00000000099999999852 0.00000000099999999852 0.00000000099999999852 
0.00000000099999999832 0.56211242161305530196 0.00000000099999999832 0.43788756838694475881 0.00000000099999999832 0.00000000099999999832 0.00000000099999999832 0.00000000099999999832 0.00000000099999999832 0.00000000099999999832 0.00000000099999999832 0.00000000099999999832 
0.00000000099999999802 0.90917189595590208739 0.00000000099999999802 0.09082809404409804277 0.00000000099999999802 0.00000000099999999802 0.00000000099999999802 0.00000000099999999802 0.00000000099999999802 0.00000000099999999802 0.00000000099999999802 0.00000000099999999802 
0.00000000099999999729 0.99999998900000008906 0.00000000099999999729 0.00000000099999999729 0.00000000099999999729 0.00000000099999999729 0.00000000099999999729 0.00000000099999999729 0.00000000099999999729 0.00000000099999999729 0.00000000099999999729 0.00000000099999999729 
0.00000000099999999826 0.84865484162089133147 0.00000000099999999826 0.15134514837910884033 0.00000000099999999826 0.00000000099999999826 0.00000000099999999826 0.00000000099999999826 0.00000000099999999826 0.00000000099999999826 0.00000000099999999826 0.00000000099999999826 
0.04875500655986041848 0.00997789131439447141 0.00599696768127922896 0.00000000099999999984 0.06994451457636809144 0.15754408040555714643 0.00000000099999999984 0.00000000099999999984 0.00000000099999999984 0.03313443443601785804 0.67464710002652272802 0.00000000099999999984 
0.06466332431177328199 0.00000000099999999982 0.26254328410502153490 0.02565555885265838679 0.00986293406536229225 0.40661648902165531405 0.00000000099999999982 0.00000000099999999982 0.00000000099999999982 0.05687263504022333632 0.17378576960330593959 0.00000000099999999982 
0.05987997769004369669 0.00000000099999999987 0.30805833496314616315 0.07551786521979649003 0.02972760405841129439 0.22521124513168161441 0.00000000099999999987 0.00000293996345778484 0.00000000099999999987 0.08450497408490700857 0.21709705488855612909 0.00000000099999999987 
0.08709296901695079418 0.00000000099999999984 0.31840084931649442757 0.03055141200204609941 0.01760412326032926439 0.30746501782197199759 0.00000000099999999984 0.00680990299913595155 0.00000000099999999984 0.05219969953263175338 0.17987602205043964898 0.00000000099999999984 
0.00000000099999999710 0.00000000099999999710 0.00000000099999999710 0.00000000099999999710 0.99999998899999997803 0.00000000099999999710 0.00000000099999999710 0.00000000099999999710 0.00000000099999999710 0.00000000099999999710 0.00000000099999999710 0.00000000099999999710 
0.00000000099999999717 0.00000000099999999717 0.00000000099999999717 0.00000000099999999717 0.99999998899999997803 0.00000000099999999717 0.00000000099999999717 0.00000000099999999717 0.00000000099999999717 0.00000000099999999717 0.00000000099999999717 0.00000000099999999717 
0.06163103787299558517 0.00000000099999999984 0.00000000099999999984 0.02420071999556994147 0.14254025306879694601 0.05904729276453166836 0.00000000099999999984 0.03715496957908070996 0.00000000099999999984 0.00000000099999999984 0.63375750844275002827 0.04166821327627504012 
0.00000000099999999718 0.00000000099999999718 0.00000000099999999718 0.00000000099999999718 0.99999998899999997803 0.00000000099999999718 0.00000000099999999718 0.00000000099999999718 0.00000000099999999718 0.00000000099999999718 0.00000000099999999718 0.00000000099999999718 
0.00000000099999999719 0.00000000099999999719 0.00000000099999999719 0.00000000099999999719 0.99999998899999986701 0.00000000099999999719 0.00000000099999999719 0.00000000099999999719 0.00000000099999999719 0.00000000099999999719 0.00000000099999999719 0.00000000099999999719 
0.00000000100000000000 0.02745062487172082039 0.48451799725844768574 0.01722481636684584580 0.04966938035085369241 0.18951643345159283061 0.01171722266401898672 0.07214764794926857572 0.03626710915625842857 0.00015200128524482561 0.03227062881439340253 0.07906613683135506332 
0.15576010139376508801 0.00000000099999999979 0.55141816996578663090 0.00000000099999999979 0.00000000099999999979 0.00000000099999999979 0.07566839049090402780 0.00000000099999999979 0.00000000099999999979 0.21715333014954435464 0.00000000099999999979 0.00000000099999999979 
0.21528824521952902304 0.00000000099999999996 0.42311001816594462355 0.00000000099999999996 0.00000000099999999996 0.02885071711483257889 0.03564496594963079135 0.00511456722593913501 0.01217329576734843717 0.26102875941121622683 0.00000000099999999996 0.01878942714555951674 
0.19157376142867590940 0.01272238918884149861 0.48417188641444991459 0.00671816622777772921 0.00000000099999999996 0.00000000099999999996 0.04121957191383683605 0.00000000099999999996 0.00619776602879055193 0.23834803848530164427 0.01234337645576000231 0.00670504085656599066 
0.14865821276087781699 0.00000000099999999989 0.63092201499511724183 0.03475577907335376804 0.00000000099999999989 0.16997157736940482486 0.00000000099999999989 0.00000000099999999989 0.00000000099999999989 0.01569240880124654972 0.00000000099999999989 0.00000000099999999989 
0.14251934936850732538 0.00000000099999999994 0.41048974939753773983 0.00000000099999999994 0.00000000099999999994 0.14062775176906361363 0.04455338688642579426 0.02509128208837776292 0.00578574685056107083 0.21678690203124834079 0.00660835836687058160 0.00753747024140789118 
0.08674122757566281317 0.00643956698192843426 0.62568710658672521685 0.00000000099999999995 0.03861490117769231928 0.05009835358918493520 0.00225094254133205570 0.04259943212299640430 0.00000000099999999995 0.11996458214354353833 0.02760388428093424676 0.00000000099999999995 
0.05399050248499392968 0.01978069480061604712 0.50387162549184572047 0.00000000099999999996 0.04873285380772175712 0.24944777265130266275 0.00000000099999999996 0.04823337379034733224 0.00000000099999999996 0.04971726794202195598 0.00000000099999999996 0.02622590503115068347 
0.23075241778794325365 0.00718440002592218331 0.43179691290802829640 0.00000000099999999996 0.00981361727184504318 0.08626151283131008873 0.01755137259693238805 0.00000000099999999996 0.00998378551255541501 0.13152150801973125360 0.00000000099999999996 0.07513447004573219068 
0.27545829724044651465 0.00000000099999999996 0.27494103219878912592 0.00568348911126656184 0.00675221474682367526 0.25435622017749232038 0.01565544998197501356 0.00000000099999999996 0.00000000099999999996 0.16715329154320682226 0.00000000099999999996 0.00000000099999999996 
0.00000000099999999982 0.00689227411747983954 0.00000000099999999982 0.08609632959808298514 0.03748028368571598018 0.24964047183292140120 0.00000000099999999982 0.42640324090839254456 0.00000000099999999982 0.19348739385740715280 0.00000000099999999982 0.00000000099999999982 
0.00000000099999999995 0.00212115451540843434 0.73155560455077928150 0.00780497297615110643 0.01275300997255075612 0.00000000099999999995 0.00285997748148915766 0.00000000099999999995 0.11329600273802035992 0.00000000099999999995 0.02239128560548974550 0.10721798816011127164 
0.00000000099999999990 0.00000000099999999990 0.69752261176101648665 0.00000000099999999990 0.03317247955556269084 0.00000000099999999990 0.00416788976252313072 0.00000000099999999990 0.07052248445431208435 0.00000000099999999990 0.04968477769152960383 0.14492975077505629300 
0.00000000099999999989 0.00000000099999999989 0.73210197323912740153 0.00000000099999999989 0.02434767024267740429 0.00000000099999999989 0.01017048851158017762 0.00000000099999999989 0.09675297816130996875 0.00000000099999999989 0.03059659988410369860 0.10603028396120131593 
0.00906480158299251444 0.02265404485361833045 0.65838138936606371843 0.01593995538784556340 0.02592835707365629891 0.04137532230485119894 0.01218624530782549259 0.00000000100000000000 0.10190041472602637262 0.00000000100000000000 0.02156791367118152461 0.09100155372593898839 
0.00409604362692328906 0.01949954961075400783 0.64222374176370988774 0.00000000100000000000 0.04216376905948504561 0.06330396876366947700 0.00775882132636057393 0.01603384156437217059 0.10345089929805038886 0.00463011289844840468 0.02300967108142057058 0.07382958000680636679 
0.00000000099999999925 0.04584073294097995577 0.00000000099999999925 0.00000000099999999925 0.00000000099999999925 0.00000000099999999925 0.00000000099999999925 0.95415925705902004950 0.00000000099999999925 0.00000000099999999925 0.00000000099999999925 0.00000000099999999925 
0.00000000099999999958 0.00000000099999999958 0.00000000099999999958 0.00000000099999999958 0.00000000099999999958 0.00000000099999999958 0.00000000099999999958 0.87183685405932764834 0.00000000099999999958 0.00000000099999999958 0.05108663385007716773 0.07707650309059534133 
0.00000000099999999958 0.00000000099999999958 0.00000000099999999958 0.00000000099999999958 0.00000000099999999958 0.00000000099999999958 0.00000000099999999958 0.99999998900000008906 0.00000000099999999958 0.00000000099999999958 0.00000000099999999958 0.00000000099999999958 
0.00000000099999999876 0.00000000099999999876 0.00000000099999999876 0.00000000099999999876 0.00000000099999999876 0.00000000099999999876 0.00000000099999999876 0.99999998899999986701 0.00000000099999999876 0.00000000099999999876 0.00000000099999999876 0.00000000099999999876 
0.00000000099999999929 0.00000000099999999929 0.00000000099999999929 0.00000000099999999929 0.00000000099999999929 0.00000000099999999929 0.00000000099999999929 0.99999998899999997803 0.00000000099999999929 0.00000000099999999929 0.00000000099999999929 0.00000000099999999929 
0.00000000099999999934 0.00000000099999999934 0.00000000099999999934 0.00000000099999999934 0.00000000099999999934 0.00000000099999999934 0.00000000099999999934 0.84719692801316792696 0.00000000099999999934 0.00000000099999999934 0.15280306198683205055 0.00000000099999999934 
0.13692516991193484643 0.04312368815448573006 0.00000000099999999988 0.00000000099999999988 0.00000000099999999988 0.00066563068891525889 0.04546429666055122609 0.70474390294611544139 0.00000000099999999988 0.00000000099999999988 0.06907730563799757695 0.00000000099999999988 
0.00000000099999999980 0.00000000099999999980 0.07537858001346864345 0.00000000099999999980 0.00000000099999999980 0.00000000099999999980 0.03776559915255182920 0.10708933864248554313 0.00000000099999999980 0.00000000099999999980 0.15939876001761721369 0.62036771517387678809 
0.01421385561861998777 0.03448805675736742876 0.16397280197665914381 0.00537214684090664245 0.01298147331789137673 0.07917192345074869353 0.00000001386702383564 0.09951658457990815443 0.00514542519637876516 0.01730098251169654572 0.15075175160592174661 0.41708498427687762389 
0.00000000099999999980 0.00000000099999999980 0.00000000099999999980 0.05827698538470164197 0.00000000099999999980 0.00000000099999999980 0.00534422528654314877 0.10088345396564984968 0.00000000099999999980 0.00000000099999999980 0.17950353598719859249 0.65599179237590676816 
0.00695609846345126605 0.00481265897755136108 0.22156746097441870624 0.00000000099999999993 0.00000000099999999993 0.00461104578892611999 0.00000000099999999993 0.00000000099999999993 0.00000000099999999993 0.53887824567416287014 0.05091256551584635859 0.17226191960564316008 
0.09720383950506321369 0.04984057199290697904 0.17622403118600177274 0.02676822061671433467 0.05598291160323642240 0.30613110641757224073 0.00806555270962661282 0.18270050635879592216 0.00000000099999999998 0.02203502419910256457 0.06608912396840967152 0.00895911044257042925 
0.06422276591659592526 0.04713365395120362733 0.23003595318140160342 0.00111589252154447541 0.07701628448217506806 0.45872125070675151548 0.00000000099999999988 0.10473311975921813233 0.00000000099999999988 0.01702107548110971119 0.00000000099999999988 0.00000000099999999988 
0.04643659207535874578 0.03191790289390460805 0.31129183516543801336 0.00000000099999999996 0.03950911799294296034 0.40100062999627167359 0.00000000099999999996 0.09293498905883054717 0.00058675190806495672 0.07632217690918849384 0.00000000099999999996 0.00000000099999999996 
0.03288644080973536499 0.06180661450327500778 0.35036710720545066744 0.00684462877571412331 0.07475337209611211675 0.34714622757228363881 0.00000000099999999996 0.04497242417232695522 0.00767218364722741398 0.07355099821787471071 0.00000000099999999996 0.00000000099999999996 
0.00512673779942668037 0.00000000099999999992 0.73229488969406897336 0.00000000099999999992 0.00874476337057020388 0.16549087481857083226 0.00000000099999999992 0.00000000099999999992 0.00000000099999999992 0.00000000099999999992 0.08834272731736338147 0.00000000099999999992 
0.00000000099999999995 0.03012985220516793336 0.58460556979764466412 0.00885299140832817612 0.04558819726495557528 0.23416158442286302832 0.00000000099999999995 0.03530533086163379491 0.00000000099999999995 0.00000000099999999995 0.03373274053068504169 0.02762372950872207453 
0.00000000099999999967 0.00000000099999999967 0.81220536264826714845 0.00000000099999999967 0.00000000099999999967 0.18779462735173288457 0.00000000099999999967 0.00000000099999999967 0.00000000099999999967 0.00000000099999999967 0.00000000099999999967 0.00000000099999999967 
0.00000000099999999974 0.00000000099999999974 0.75240107880216688940 0.00000000099999999974 0.03046902151603660472 0.21712989068179663898 0.00000000099999999974 0.00000000099999999974 0.00000000099999999974 0.00000000099999999974 0.00000000099999999974 0.00000000099999999974 
0.02260773511142813441 0.01822527445578928790 0.46381991643093944955 0.00617449243137178309 0.04562479953909465147 0.25646767198748893213 0.00766631232512249034 0.09931621833871798199 0.00684000754764458891 0.06234347558046950122 0.00968497869966491488 0.00122911755226839470 
0.00401458122753371206 0.00408967493293709017 0.54582940398774071333 0.00099064160415491707 0.00897509192308041694 0.07003073938256629272 0.03177584159569725453 0.00326620275780431339 0.01413790116860504271 0.00000000099999999999 0.05238338492650116557 0.26450653549337899140 
0.00000000099999999984 0.04457357148659557566 0.19728181402259062360 0.00000000099999999984 0.10338856092497822337 0.55100460768480707952 0.00119374149621631533 0.10255769838481237910 0.00000000099999999984 0.00000000099999999984 0.00000000099999999984 0.00000000099999999984 
0.00000000099999999979 0.03122568103917735052 0.74109572799468825810 0.00000000099999999979 0.00000000099999999979 0.22767858196613449673 0.00000000099999999979 0.00000000099999999979 0.00000000099999999979 0.00000000099999999979 0.00000000099999999979 0.00000000099999999979 
0.00926686368717191157 0.05945769291453849303 0.52294928775267179866 0.00000000099999999998 0.05046131734041028882 0.19762178027606946973 0.07271508116233071917 0.06251743527415397350 0.00000011020485411570 0.00000000099999999998 0.00408369168380776863 0.02092673770399138336 
0.02853075294063068049 0.06453895745560146724 0.38458810279896232798 0.01124924382141489175 0.02588097262557389339 0.16826450829344330451 0.02261744129056547994 0.04460158564298257605 0.01891882266766248266 0.02483054807817492229 0.06346817699269249879 0.14251088739229555991 
0.07280026935892944251 0.11935987420638563550 0.15715615038200472786 0.00000000099999999997 0.00000000099999999997 0.41037551248424092298 0.02418447441702238979 0.13506245536270930496 0.00000000099999999997 0.06001121740499885254 0.00000000099999999997 0.02105004238370881964 
0.00868181951206679035 0.03282968796451929405 0.74225045796391486697 0.00000000099999999986 0.00558888834275920836 0.21064913921673988906 0.00000000099999999986 0.00000000099999999986 0.00000000099999999986 0.00000000099999999986 0.00000000099999999986 0.00000000099999999986 
0.00000000099999999992 0.02600522147223864600 0.54469054465443633717 0.00000000099999999992 0.06165005260532809700 0.22207797306576129714 0.00547422740763546609 0.14010197479460012593 0.00000000099999999992 0.00000000099999999992 0.00000000099999999992 0.00000000099999999992 
0.00000000099999999990 0.03042431730377577123 0.67279982650418490575 0.01390836064362766661 0.03091598535245676863 0.24548415753020347285 0.00000000099999999990 0.00000000099999999990 0.00000000099999999990 0.00000000099999999990 0.00000000099999999990 0.00646734666575160370 
0.00000000099999999996 0.00332962290722955620 0.23417683483155074531 0.00000000099999999996 0.04881217632964118813 0.33751795995422589902 0.00930021042088704543 0.18804112060803482298 0.00000000099999999996 0.00000000099999999996 0.07665999180686294823 0.10216207914156798242 
0.02143835626214339596 0.03529096181671363686 0.32085015369148417452 0.00944504915869023333 0.05076798700921138913 0.41085940035062512576 0.00000000099999999997 0.10682586543959948777 0.00000000099999999997 0.00000000099999999997 0.04001118575327957533 0.00451103751825313645 
0.16019682435477197724 0.03233060740649016523 0.21061102993571978459 0.00000000099999999998 0.01346094565733115325 0.27704527077709378835 0.00000000099999999998 0.10555919783906826670 0.01372244506776625766 0.16041708993202269395 0.02665658602973579663 0.00000000099999999998 
0.00000000099999999991 0.03374017648057115598 0.08829531578787201684 0.01006077226914015889 0.04084811273500911499 0.42918825021540540909 0.02490109632403926521 0.27666976726939063180 0.00000000099999999991 0.08905141702709498674 0.00000000099999999991 0.00724508889147732621 
0.01514356018480864617 0.05280098913422821838 0.38543103045639831583 0.00000000099999999996 0.03729561745878090528 0.43218259700877115215 0.00000000099999999996 0.03031699365470174115 0.00000000099999999996 0.00000000099999999996 0.04682920710231098377 0.00000000099999999996 
0.09609818566965599995 0.00000000099999999986 0.20272758342281047006 0.06978641973813931587 0.05106897106874690867 0.32552641881705246529 0.00000000099999999986 0.00736028484318895001 0.00000000099999999986 0.02891297089976828730 0.21851916154063766307 0.00000000099999999986 
0.09566280603570120888 0.00000000099999999985 0.47682039404115372783 0.00000000099999999985 0.00000000099999999985 0.00000000099999999985 0.07454193762550384572 0.00000000099999999985 0.00000000099999999985 0.22966637154597865922 0.02521822817998070967 0.09809025657168195245 
0.00000000099999999982 0.00000000099999999982 0.13371858428437813360 0.02478195739286810986 0.00000000099999999982 0.08406852952529993150 0.01737570366886762030 0.18976803872048400579 0.00000000099999999982 0.00000000099999999982 0.55028718040810198353 0.00000000099999999982 
0.00000000099999999986 0.00000000099999999986 0.07000631751894821619 0.00000000099999999986 0.00000000099999999986 0.19802220475735171634 0.02589334003678982546 0.13501841266371386596 0.00000000099999999986 0.05702910659169167784 0.51403061243150471871 0.00000000099999999986 
0.00000000099999999990 0.06182737519291758854 0.12961461507960669870 0.04739173367726855213 0.01199737308627165863 0.20999901184805902510 0.00000000099999999990 0.07698237736991814240 0.00000000099999999990 0.00712279617448430442 0.45506471357147398882 0.00000000099999999990 
0.11781570837406452057 0.01797216241467790299 0.02431964297794267371 0.00000000099999999982 0.00000000099999999982 0.00000000099999999982 0.00000000099999999982 0.47685286423227263297 0.00000000099999999982 0.00000000099999999982 0.28118533046233490369 0.08185428553870736923 
0.00000000099999999865 0.00000000099999999865 0.00000000099999999865 0.00000000099999999865 0.00000000099999999865 0.00000000099999999865 0.00000000099999999865 0.99999998899999997803 0.00000000099999999865 0.00000000099999999865 0.00000000099999999865 0.00000000099999999865 
0.00000000099999999970 0.00000000099999999970 0.00000000099999999970 0.04461241709783950182 0.00000000099999999970 0.00000000099999999970 0.00000000099999999970 0.95538757290216069773 0.00000000099999999970 0.00000000099999999970 0.00000000099999999970 0.00000000099999999970 
0.00000000099999999769 0.00000000099999999769 0.00000000099999999769 0.99999998899999986701 0.00000000099999999769 0.00000000099999999769 0.00000000099999999769 0.00000000099999999769 0.00000000099999999769 0.00000000099999999769 0.00000000099999999769 0.00000000099999999769 
0.00000000099999999776 0.00000000099999999776 0.00000000099999999776 0.99999998899999986701 0.00000000099999999776 0.00000000099999999776 0.00000000099999999776 0.00000000099999999776 0.00000000099999999776 0.00000000099999999776 0.00000000099999999776 0.00000000099999999776 
0.00000000099999999771 0.00000000099999999771 0.00000000099999999771 0.99999998899999986701 0.00000000099999999771 0.00000000099999999771 0.00000000099999999771 0.00000000099999999771 0.00000000099999999771 0.00000000099999999771 0.00000000099999999771 0.00000000099999999771 
0.03037897995962598324 0.03412456090978163020 0.60769467189783787919 0.00000000099999999998 0.01897386820709784025 0.00000000099999999998 0.02625813570252158793 0.06966962144874315477 0.05203247382642046254 0.09968480522482306427 0.02244280060527791693 0.03874008021787062744 
0.02149700388364502238 0.03279217779240641700 0.61622105096352075559 0.00000000099999999997 0.06167762993099618063 0.04469167619986427753 0.02407272566223019050 0.01983804365712526357 0.07319563368076077714 0.00000000099999999997 0.04391629910384060170 0.06209775712561053929 
0.01969800760238571077 0.02135620634304703433 0.64602746924953280416 0.01350682512541907972 0.03074673895490571962 0.05837358173818786578 0.01255774354574176049 0.00669395476764711537 0.08783313829955419205 0.00000000099999999998 0.05106785155653398994 0.05213848181704488355 
0.00000002755399214824 0.04131815719789286301 0.71914207277049091438 0.00000000099999999998 0.04939951619547833239 0.03679022316029007672 0.00000000099999999998 0.00000000099999999998 0.09555866466536699910 0.02434536951869168547 0.03344596493779693896 0.00000000099999999998 
0.00000000099999999986 0.02880449008049166398 0.89874727411029520230 0.00000000099999999986 0.00349575919122023645 0.00000000099999999986 0.00000000099999999986 0.00000000099999999986 0.06890582044403477380 0.00000000099999999986 0.00000000099999999986 0.00004664917395831643 
0.00000000099999999987 0.05056498027522918909 0.89074104016414934470 0.00000000099999999987 0.00000038276573365531 0.00000000099999999987 0.00000000099999999987 0.00000000099999999987 0.05869358879488806996 0.00000000099999999987 0.00000000099999999987 0.00000000099999999987 
0.00000000099999999787 0.00000000099999999787 0.00000000099999999787 0.00000000099999999787 0.00000000099999999787 0.00000000099999999787 0.00000000099999999787 0.00000000099999999787 0.99999998899999975599 0.00000000099999999787 0.00000000099999999787 0.00000000099999999787 
0.00000000099999999752 0.00000000099999999752 0.00000000099999999752 0.00000000099999999752 0.00000000099999999752 0.00000000099999999752 0.00000000099999999752 0.00000000099999999752 0.99999998899999986701 0.00000000099999999752 0.00000000099999999752 0.00000000099999999752 
0.00000000099999999975 0.00000000099999999975 0.06225179031148047465 0.00000000099999999975 0.00000000099999999975 0.00000000099999999975 0.00000000099999999975 0.00000000099999999975 0.93774819968851941265 0.00000000099999999975 0.00000000099999999975 0.00000000099999999975 
0.00000000099999999810 0.00000000099999999810 0.00000000099999999810 0.00000000099999999810 0.00000000099999999810 0.00000000099999999810 0.00000000099999999810 0.00000000099999999810 0.99999998899999997803 0.00000000099999999810 0.00000000099999999810 0.00000000099999999810 
0.00000000099999999776 0.00000000099999999776 0.00000000099999999776 0.00000000099999999776 0.00000000099999999776 0.00000000099999999776 0.00000000099999999776 0.00000000099999999776 0.99999998899999975599 0.00000000099999999776 0.00000000099999999776 0.00000000099999999776 
0.00000000099999999719 0.00000000099999999719 0.00000000099999999719 0.00000000099999999719 0.00000000099999999719 0.00000000099999999719 0.00000000099999999719 0.00000000099999999719 0.99999998899999975599 0.00000000099999999719 0.00000000099999999719 0.00000000099999999719 
0.00000000099999999719 0.00000000099999999719 0.00000000099999999719 0.00000000099999999719 0.00000000099999999719 0.00000000099999999719 0.00000000099999999719 0.00000000099999999719 0.99999998899999986701 0.00000000099999999719 0.00000000099999999719 0.00000000099999999719 
0.29434487054905195125 0.00000000099999999996 0.46467252859147517574 0.00000000099999999996 0.00182849840955146025 0.00000000099999999996 0.00162971139904826323 0.00000000099999999996 0.03128604456556508678 0.15526447030399534444 0.01625080236571588982 0.03472306981559697414 
0.00000000099999999731 0.00000000099999999731 0.00000000099999999731 0.00000000099999999731 0.00000000099999999731 0.00000000099999999731 0.00000000099999999731 0.00000000099999999731 0.99999998899999975599 0.00000000099999999731 0.00000000099999999731 0.00000000099999999731 
0.00000000099999999749 0.00000000099999999749 0.00000000099999999749 0.00000000099999999749 0.00000000099999999749 0.00000000099999999749 0.00000000099999999749 0.00000000099999999749 0.99999998899999986701 0.00000000099999999749 0.00000000099999999749 0.00000000099999999749 
0.00000000099999999752 0.00000000099999999752 0.00000000099999999752 0.00000000099999999752 0.00000000099999999752 0.00000000099999999752 0.00000000099999999752 0.00000000099999999752 0.99999998899999975599 0.00000000099999999752 0.00000000099999999752 0.00000000099999999752 
0.00000000099999999770 0.00000000099999999770 0.00000000099999999770 0.00000000099999999770 0.00000000099999999770 0.00000000099999999770 0.00000000099999999770 0.00000000099999999770 0.99999998899999975599 0.00000000099999999770 0.00000000099999999770 0.00000000099999999770 
0.00000000099999999718 0.00000000099999999718 0.00000000099999999718 0.00000000099999999718 0.00000000099999999718 0.00000000099999999718 0.00000000099999999718 0.00000000099999999718 0.99999998899999975599 0.00000000099999999718 0.00000000099999999718 0.00000000099999999718 
0.00000000099999999726 0.00000000099999999726 0.00000000099999999726 0.00000000099999999726 0.00000000099999999726 0.00000000099999999726 0.00000000099999999726 0.00000000099999999726 0.99999998899999986701 0.00000000099999999726 0.00000000099999999726 0.00000000099999999726 
0.05590555925660124770 0.01797528816127809750 0.49288180715965818068 0.00243405101775820811 0.01935999262158569212 0.20709792107919092197 0.00000000099999999998 0.00000000099999999998 0.00000000099999999998 0.14343850728655127558 0.01562927206868292007 0.04527759834869355543 
0.23442954212931765845 0.00000000099999999996 0.35007574215227227343 0.01947243967418095176 0.00000000099999999996 0.00000000099999999996 0.04274716357958739665 0.01882452189780915372 0.00846707413831488537 0.29934514232296660641 0.00000075284942549271 0.02663761825612554271 
0.10974535208990567059 0.00000000099999999985 0.41722314594602982751 0.00000000099999999985 0.00000000099999999985 0.00000000099999999985 0.11891904777491713041 0.00000000099999999985 0.00491701219822548823 0.21538028010137072465 0.00309248415815949326 0.13072267273139198673 
0.22530711936741390500 0.00000000099999999996 0.37484442106263837768 0.00000000099999999996 0.02267981890186408778 0.00000000099999999996 0.08640449830405483311 0.03622660077752618002 0.00000000099999999996 0.20188942810557808372 0.00000000099999999996 0.05264810848092454920 
0.08641937079139536126 0.00000000099999999999 0.31668813318043964600 0.00000000099999999999 0.04505963028233188339 0.20747450124593816434 0.00403711049666100920 0.01379658863206982208 0.01479015912373062881 0.17241591160657207538 0.04679355098244025041 0.09252504165842115325 
0.12892928019624780300 0.00000000099999999988 0.43608065044098393015 0.00000000099999999988 0.00000000099999999988 0.00000000099999999988 0.16708730219223510982 0.01501107842287782192 0.00000000099999999988 0.16228720074944166796 0.01719559460092944317 0.07340888839728440529 
0.15374791646736568618 0.00000000099999999984 0.40015308274763755625 0.00000000099999999984 0.00000000099999999984 0.00000000099999999984 0.13462904069429038056 0.01883924629393182379 0.00000000099999999984 0.23800423526306202504 0.00722993850015654551 0.04739653503355598790 
0.14612506219255330664 0.00000000099999999990 0.46035208412207440087 0.00000000099999999990 0.00782557113066698930 0.00000000099999999990 0.10236658070864604331 0.00000000099999999990 0.00139679613382440409 0.17171959154827270977 0.00000000099999999990 0.11021430916396225685 
0.17870885718007806231 0.00000000099999999996 0.45740540494442577524 0.00000000099999999996 0.02218024965369790047 0.00000000099999999996 0.10474034854894744007 0.00000000099999999996 0.00000000099999999996 0.14169903157378774261 0.03329837566553256467 0.06196772743353062829 
0.04997157969659653948 0.00000000099999999992 0.51522317747839141422 0.02054325442629686971 0.00000000099999999992 0.00000000099999999992 0.12877724236903548283 0.03196927727584523982 0.00000000099999999992 0.13355127144708267561 0.00007166464052482531 0.11989252866622701621 
0.10344333427589061380 0.00000000099999999991 0.39625581539244353335 0.00542768359141394905 0.00000000099999999991 0.00000000099999999991 0.14590830344094540827 0.05169265293589682397 0.00293225217879518330 0.19835945547683697665 0.00610207292346863321 0.08987842678430907339 
0.04597965512576913938 0.00000000099999999992 0.51379911748480699973 0.02315035053551381047 0.00000000099999999992 0.00000000099999999992 0.13021312860399889000 0.02928523809675291634 0.00000000099999999992 0.13504131494805696190 0.00000000099999999992 0.12253119020510128134 
0.35563962703929979936 0.01578552582869394150 0.24503712242120193054 0.01484053867238127253 0.00000000099999999997 0.00000000099999999997 0.02150127184391753543 0.00000000099999999997 0.01922283201254960591 0.31625578175514118540 0.00000000099999999997 0.01171729642681495348 
0.27252662980986130936 0.00000000099999999996 0.19766357982131788074 0.01738373968015880303 0.00000000099999999996 0.03626909291978574340 0.05914416685337528512 0.00000000099999999996 0.00453764169369408766 0.36621060064079591356 0.00191106041562586512 0.04435348516538503011 
0.02664698933047361662 0.06859296704766142116 0.27143626863186370857 0.03519752166140100585 0.06456355191940381377 0.42680752711044916969 0.00000000099999999981 0.07981792331917758609 0.00000000099999999981 0.02693724697956971156 0.00000000099999999981 0.00000000099999999981 
0.00000000099999999997 0.18789047210182735492 0.13592003377032396694 0.16368284274613251195 0.06617330089475716159 0.25530786107180103439 0.00000000099999999997 0.12901965030934689493 0.00000000099999999997 0.03063263706238036205 0.03137319804343075003 0.00000000099999999997 
0.00000000099999999985 0.09204913581636355036 0.03793092085443244832 0.05616107143548374619 0.05510025087834800189 0.47766860515441927904 0.00000000099999999985 0.22828846250964224263 0.00000000099999999985 0.05280154835131094931 0.00000000099999999985 0.00000000099999999985 
0.37752280837624480059 0.00000000099999999991 0.17968144039442665583 0.00000000099999999991 0.01339951972204436390 0.00634092324528368230 0.01841729196399851526 0.00534819956514885272 0.00000000099999999991 0.38583679906167900331 0.00000000099999999991 0.01345301367117409698 
0.43579710233921714613 0.00000000099999999989 0.14167439482636159931 0.00000000099999999989 0.01874026366489745313 0.00000000099999999989 0.02844952177898959003 0.01124472152286352424 0.00000000099999999989 0.35892166875185915753 0.00000000099999999989 0.00517232211581144120 
0.46164356309012299917 0.00000000099999999991 0.24008531529170068497 0.00000000099999999991 0.00991740598324685960 0.01121888192784386944 0.02479936198751928056 0.00000000099999999991 0.00000000099999999991 0.23962515708190029740 0.00000000099999999991 0.01271030963766597854 
0.49336379560480575490 0.00000000099999999992 0.16631548626230466259 0.00200461124872775009 0.00000000099999999992 0.00000000099999999992 0.01381764175488960945 0.00292662528638890605 0.00713886816404491874 0.31443252288138601180 0.00000000099999999992 0.00000044479745244662 
0.30581820819255561839 0.01419222306032574474 0.22903038348241125388 0.03723111244530797476 0.03603270246981481878 0.07009111790458276425 0.03687296103264054575 0.02802056211902333172 0.00000000099999999997 0.24271072629333814707 0.00000000099999999997 0.00000000099999999997 
0.44759214114957496244 0.00000000099999999985 0.09875965532216977871 0.00000000099999999985 0.00000000099999999985 0.02282945078110740558 0.00575789729801520333 0.00000000099999999985 0.00000000099999999985 0.42506084844913288867 0.00000000099999999985 0.00000000099999999985 
0.28482695789059719882 0.00000000099999999997 0.23144666544758302207 0.00000000099999999997 0.02178567914212676745 0.01273027902464778441 0.00000000099999999997 0.00000000099999999997 0.00000000099999999997 0.43131102297611723095 0.00000000099999999997 0.01789938951892814864 
0.09082339980781549416 0.00266722488746984386 0.11168840175477817711 0.01653096793014122851 0.01030696639179420372 0.56297010816679715628 0.00000000099999999996 0.00736398248177765665 0.00000000099999999996 0.17208090252272151277 0.00156343600353930023 0.02400460805316566651 
0.30926476841370820203 0.03672950599830500373 0.07938691529348669562 0.04130690370963280289 0.00000000099999999983 0.42137812719404854622 0.00000000099999999983 0.00000000099999999983 0.00000000099999999983 0.11193377339081876654 0.00000000099999999983 0.00000000099999999983 
0.00000000099999999977 0.03928992216434336326 0.00000000099999999977 0.00000000099999999977 0.00000000099999999977 0.96071006783565671139 0.00000000099999999977 0.00000000099999999977 0.00000000099999999977 0.00000000099999999977 0.00000000099999999977 0.00000000099999999977 
