0.00000000099999999870 0.99999999200000011523 0.00000000099999999870 0.00000000099999999870 0.00000000099999999870 0.00000000099999999870 0.00000000099999999870 0.00000000099999999870 0.00000000099999999870 
0.00000000099999999872 0.99999999200000011523 0.00000000099999999872 0.00000000099999999872 0.00000000099999999872 0.00000000099999999872 0.00000000099999999872 0.00000000099999999872 0.00000000099999999872 
0.00000000099999999870 0.99999999200000000421 0.00000000099999999870 0.00000000099999999870 0.00000000099999999870 0.00000000099999999870 0.00000000099999999870 0.00000000099999999870 0.00000000099999999870 
0.00121919199924994158 0.00088244640407223265 0.04802332505735015106 0.00330440185225759978 0.00000755619773470729 0.00064441926298009031 0.00085816501152624560 0.77691981460114534208 0.16814067961368364679 
0.13183251488064509638 0.13566898729277057645 0.00097775821915695215 0.31870335107300618027 0.00131569873923458210 0.00009386020350882442 0.02466697656856768617 0.38516536418487917759 0.00157548883823089973 
0.00000000099999999856 0.99999999200000000421 0.00000000099999999856 0.00000000099999999856 0.00000000099999999856 0.00000000099999999856 0.00000000099999999856 0.00000000099999999856 0.00000000099999999856 
0.00000000099999999856 0.99999999200000000421 0.00000000099999999856 0.00000000099999999856 0.00000000099999999856 0.00000000099999999856 0.00000000099999999856 0.00000000099999999856 0.00000000099999999856 
0.00000000099999999840 0.99999999200000011523 0.00000000099999999840 0.00000000099999999840 0.00000000099999999840 0.00000000099999999840 0.00000000099999999840 0.00000000099999999840 0.00000000099999999840 
0.00000000099999999858 0.99999999200000000421 0.00000000099999999858 0.00000000099999999858 0.00000000099999999858 0.00000000099999999858 0.00000000099999999858 0.00000000099999999858 0.00000000099999999858 
0.00000000099999999858 0.99999999200000000421 0.00000000099999999858 0.00000000099999999858 0.00000000099999999858 0.00000000099999999858 0.00000000099999999858 0.00000000099999999858 0.00000000099999999858 
0.00000000099999999824 0.99999999200000000421 0.00000000099999999824 0.00000000099999999824 0.00000000099999999824 0.00000000099999999824 0.00000000099999999824 0.00000000099999999824 0.00000000099999999824 
0.00000000099999999805 0.00000000099999999805 0.00000000099999999805 0.00000000099999999805 0.00000000099999999805 0.00000000099999999805 0.00000000099999999805 0.99999999200000000421 0.00000000099999999805 
0.00000000099999999802 0.00000000099999999802 0.00000000099999999802 0.00000000099999999802 0.00000000099999999802 0.00000000099999999802 0.00000000099999999802 0.99999999200000000421 0.00000000099999999802 
0.00000000099999999843 0.00000000099999999843 0.00000000099999999843 0.00000000099999999843 0.00000000099999999843 0.99999999199999989319 0.00000000099999999843 0.00000000099999999843 0.00000000099999999843 
0.00000000099999999873 0.00000000099999999873 0.00000000099999999873 0.00000000099999999873 0.00000000099999999873 0.41092815266675525310 0.00000000099999999873 0.58907184033324455630 0.00000000099999999873 
0.03179078721838112659 0.00000000099999999977 0.00000000099999999977 0.12765265464546654561 0.00000000099999999977 0.56304390835364814816 0.00000000099999999977 0.27751264478250403656 0.00000000099999999977 
0.00000000099999999833 0.00000000099999999833 0.00000000099999999833 0.00000000099999999833 0.00000000099999999833 0.00000000099999999833 0.00000000099999999833 0.99999999200000000421 0.00000000099999999833 
0.00000000099999999804 0.00000000099999999804 0.00000000099999999804 0.00000000099999999804 0.00000000099999999804 0.00000000099999999804 0.00000000099999999804 0.99999999200000000421 0.00000000099999999804 
0.00000000099999999913 0.00000000099999999913 0.00000000099999999913 0.00000000099999999913 0.00000000099999999913 0.78142277806872872947 0.00000000099999999913 0.21857721493127130197 0.00000000099999999913 
0.00000000099999999921 0.00000000099999999921 0.00000000099999999921 0.00000000099999999921 0.00000000099999999921 0.35102979426577496369 0.00000000099999999921 0.64897019873422501224 0.00000000099999999921 
0.00000000099999999948 0.00000000099999999948 0.00000000099999999948 0.00000000099999999948 0.00000000099999999948 0.68394444397319509310 0.00000000099999999948 0.31605554902680499385 0.00000000099999999948 
0.00000000099999999843 0.00000000099999999843 0.00000000099999999843 0.00000000099999999843 0.00000000099999999843 0.99999999199999989319 0.00000000099999999843 0.00000000099999999843 0.00000000099999999843 
0.00000000099999999892 0.00000000099999999892 0.00000000099999999892 0.00000000099999999892 0.00000000099999999892 0.06073325316964030274 0.00000000099999999892 0.93926673983035957605 0.00000000099999999892 
0.00000000099999999878 0.00000000099999999878 0.00000000099999999878 0.00000000099999999878 0.00000000099999999878 0.43519919581084215432 0.00000000099999999878 0.56480079718915765508 0.00000000099999999878 
0.00000000099999999855 0.00000000099999999855 0.00000000099999999855 0.00000000099999999855 0.00000000099999999855 0.07862502544577271157 0.00000000099999999855 0.92137496755422731987 0.00000000099999999855 
0.00000000099999999800 0.00000000099999999800 0.00000000099999999800 0.00000000099999999800 0.00000000099999999800 0.00000000099999999800 0.00000000099999999800 0.99999999200000000421 0.00000000099999999800 
0.00000000099999999871 0.00000000099999999871 0.00000000099999999871 0.00000000099999999871 0.00000000099999999871 0.14516829298601918730 0.00000000099999999871 0.85483170001398078863 0.00000000099999999871 
0.22583241483422700213 0.67131970670776819343 0.00000000099999999985 0.00000000099999999985 0.00000000099999999985 0.00000000099999999985 0.01628294821945702048 0.00698022104442380664 0.07958470519412426392 
0.48159413322789285106 0.19355278590197783073 0.00000000099999999987 0.00000000099999999987 0.00000000099999999987 0.01818685724809653015 0.05579292170399931250 0.00000000099999999987 0.25087329791803347767 
0.31940503676485260121 0.23370034877536707829 0.00000000099999999995 0.01273135031461200724 0.01322261358577319669 0.06810281873918193341 0.07819965553224060562 0.00000000099999999995 0.27463817428797249187 
0.40633934754275469192 0.20576341471307271758 0.00000000099999999991 0.00000000099999999991 0.00213893486200991733 0.02714634678122128733 0.04459611689298347698 0.00000000099999999991 0.31401583620795792129 
0.99999999200000022626 0.00000000099999999947 0.00000000099999999947 0.00000000099999999947 0.00000000099999999947 0.00000000099999999947 0.00000000099999999947 0.00000000099999999947 0.00000000099999999947 
0.99999999200000011523 0.00000000099999999952 0.00000000099999999952 0.00000000099999999952 0.00000000099999999952 0.00000000099999999952 0.00000000099999999952 0.00000000099999999952 0.00000000099999999952 
0.22591436514106183475 0.65639492079793460011 0.00000000099999999987 0.00000000099999999987 0.00000000099999999987 0.04077906862770275948 0.00000000099999999987 0.00403476192484560764 0.07287687950845536666 
0.99999999200000011523 0.00000000099999999952 0.00000000099999999952 0.00000000099999999952 0.00000000099999999952 0.00000000099999999952 0.00000000099999999952 0.00000000099999999952 0.00000000099999999952 
0.99999999200000022626 0.00000000099999999955 0.00000000099999999955 0.00000000099999999955 0.00000000099999999955 0.00000000099999999955 0.00000000099999999955 0.00000000099999999955 0.00000000099999999955 
0.31866468180476625882 0.02983998957861808479 0.06505358905084485110 0.30790688178020647614 0.02943650033342757114 0.01496087335923241071 0.00570719007732028560 0.02917248427394296753 0.19925780974164106207 
0.05374523857536857296 0.00818427683949150657 0.02466240937962818625 0.08735433024427434467 0.11539994893541218046 0.00000000099999999993 0.16340024341008374531 0.00000000099999999993 0.54725355061574132431 
0.05349828215377170487 0.00000000099999999995 0.02660582517930542429 0.16562384883570174798 0.04763979602205922759 0.00000000099999999995 0.23204483653563701129 0.00000000099999999995 0.47458740827352485780 
0.01091075725149262023 0.00583265043050986646 0.02618702492806362567 0.16787215514189893217 0.05913242906744968497 0.00583997094093960216 0.21898106123333999085 0.02096926256287689333 0.48427468844342885790 
0.25285236936294935850 0.00000000099999999995 0.03308254255668936078 0.20940493264933615625 0.01592529677686650713 0.02923281181944670237 0.01868664017603273789 0.00000000099999999995 0.44081540465867907752 
0.18129264952885879025 0.00459584054266663506 0.01729158869907382670 0.15041600618313780147 0.05804061923544091839 0.00000000099999999994 0.19690844987559522061 0.00000000099999999994 0.39145484393522694821 
0.18877492240607851581 0.02712656444638586115 0.03179309049838950629 0.21897297230494075504 0.02190224121163318605 0.00000000099999999996 0.09094212238791829495 0.00035862579312056955 0.42012945995153333500 
0.37829286191788835669 0.00000000099999999997 0.02397544722202459358 0.24415657154523329186 0.00901682312993667794 0.00000000099999999997 0.04628126843549293379 0.01581579323490366409 0.28246123251452059932 
0.13554673132217306963 0.00000000099999999999 0.03122373295332926332 0.20650715060708482729 0.03060764846540271061 0.00000000099999999999 0.12523482700478127949 0.00848105073606140493 0.46239885691116738853 
0.29277596329178257051 0.00000000099999999998 0.00609153962860352598 0.04548648977047107383 0.03185185180996670529 0.00782275000363247264 0.14959301849153536224 0.00000000099999999998 0.46637838500400835562 
0.43849633127306064662 0.00000000099999999996 0.00000000099999999996 0.17606044683032515130 0.00230074123998514441 0.12460715401436463223 0.22696331250354756515 0.03155645529353428430 0.00001555684518253904 
0.11019486685858782826 0.01466944749003814587 0.16183875285275847733 0.43573012090338941737 0.03712922757793760131 0.00000000099999999999 0.00000000099999999999 0.00000000099999999999 0.24043758131728876215 
0.11338197608419953166 0.04432926401559867530 0.11935050306233510597 0.46162063804476599627 0.04071038943225126217 0.00000000099999999995 0.00000000099999999995 0.00000000099999999995 0.22060722636084945103 
0.11338247742337065338 0.02329781470043441188 0.14596512722353691127 0.44523240630997157341 0.04297784835637538658 0.00000000099999999996 0.00000000099999999996 0.00000000099999999996 0.22914432298631112750 
0.13750247276069441082 0.02147481092461973537 0.14308045512718381431 0.34339871926028670002 0.04024278628453741014 0.01367784343616162794 0.00096641238435817142 0.01678326758502752050 0.28287323223713067843 
0.17398352661029700683 0.01390178639537414940 0.14548107269848298273 0.33957861453259235995 0.03576215246689883748 0.00000000099999999999 0.00000000099999999999 0.01894379511097175894 0.27234905018538296817 
0.16420380850930182959 0.00000000099999999979 0.00000000099999999979 0.59984319800620067298 0.00000000099999999979 0.10968123323514065992 0.00000000099999999979 0.12627175524935688178 0.00000000099999999979 
0.16734870018800993008 0.07847706727508008129 0.00000000099999999985 0.57557284779183059964 0.00000000099999999985 0.02884262754170192206 0.00000000099999999985 0.10566588348153245491 0.04409287072184518708 
0.18374762838792330077 0.03546438832203384350 0.00000000099999999995 0.58368172276772145590 0.00001032699634236070 0.04493478079244465906 0.01866095102358927491 0.08700224478654625115 0.04649795592339882322 
0.15529687868483008084 0.00000000099999999975 0.00000000099999999975 0.65245303748513427955 0.00000000099999999975 0.17255314544091646112 0.00000000099999999975 0.01969693338911925398 0.00000000099999999975 
0.22551486585357488623 0.01932593623788185500 0.00000000099999999986 0.60005516027841931948 0.00000000099999999986 0.12884518571457562186 0.00000000099999999986 0.02625884791554837852 0.00000000099999999986 
0.00000000099999999982 0.15476497569733926873 0.00000000099999999982 0.65523983580511013791 0.00000000099999999982 0.18999518249755067978 0.00000000099999999982 0.00000000099999999982 0.00000000099999999982 
0.20203940136846301745 0.06264657919588002832 0.00000000099999999996 0.34252791097911555740 0.04340546001409432281 0.04605594605620411813 0.02839327237191663009 0.09384284067586913525 0.18108858833845703495 
0.00000000099999999989 0.21968808631913830376 0.00000000099999999989 0.73092952275209865931 0.04669870609595812988 0.00268367983280491575 0.00000000099999999989 0.00000000099999999989 0.00000000099999999989 
0.12733095689967208197 0.19556501225439174019 0.01028468862043836925 0.52250314689936516732 0.00543357301870108726 0.01432873854847238615 0.02357301759225087154 0.04051235096992302637 0.06046851519678541481 
0.00000000099999999986 0.23574869063140355130 0.00000000099999999986 0.70787400740243544561 0.00000000099999999986 0.05637729596616097849 0.00000000099999999986 0.00000000099999999986 0.00000000099999999986 
0.00000000099999999997 0.05903584079654887462 0.00000000099999999997 0.26999229787566414451 0.00391306804660008882 0.00000000099999999997 0.51964991418770645204 0.00254014958948455731 0.14486872650399587603 
0.44853204855960349118 0.07380708631221588600 0.00000000100000000000 0.14423898031498916250 0.00947764578009215736 0.03963531681525867684 0.02038592191750693630 0.05574649966818913394 0.20817649963214457376 
0.62658048282031442167 0.00000000099999999995 0.00000000099999999995 0.09868401864676619450 0.00000000099999999995 0.00786670452982832051 0.02274241519882659601 0.05055326031138083348 0.19357311549288372388 
0.52003539190444048046 0.00025867720481350255 0.01246458912292103954 0.17104470694371248785 0.00000000099999999997 0.00000000099999999997 0.07988130483062047538 0.03329024605413164611 0.18302508193936042891 
0.50233793005935656328 0.00000000099999999998 0.02590555366690600048 0.12099925428365740365 0.00533154234609927325 0.01347101888615108087 0.07384878806270178675 0.06067549140456408169 0.19743042029056379061 
0.29360603133381535379 0.08023495773343407300 0.04242394647081672299 0.24790961714592008036 0.02166608152307841414 0.00000000099999999994 0.00000000099999999994 0.00000000099999999994 0.31415936279293543709 
0.40764022987423198519 0.02969302449769212898 0.03095315316068064301 0.29562487916681801092 0.00539368629874559854 0.00000000100000000000 0.01244756816159412957 0.02805566539953696995 0.19019179244070058554 
0.34426366485596526790 0.00000000099999999989 0.01095128278453969678 0.31928137334525685809 0.00000000099999999989 0.00000000099999999989 0.00000000099999999989 0.00000000099999999989 0.32550367401423824232 
0.41334005532697881691 0.00000000099999999991 0.03419300652301378307 0.29498649777405061556 0.00000000099999999991 0.00000000099999999991 0.00000000099999999991 0.00000000099999999991 0.25748043537595693975 
0.41566030880040005790 0.00251343769098800974 0.02886497501388308323 0.21504721130206305713 0.02215239880880617504 0.00544087236059986098 0.05754884711801956654 0.02215255222780721650 0.23061939667743297511 
0.12457613138107084816 0.05579365791056166424 0.03840165651827470022 0.47834683364820351770 0.05212740539180468757 0.00000000099999999998 0.00000000099999999998 0.00660670883837930368 0.24414760431170526300 
0.74366477549265452840 0.00000000099999999995 0.00000000099999999995 0.08233678486674463060 0.02005610604580873937 0.00000000099999999995 0.00000000099999999995 0.05018491357701786865 0.10375741601777435652 
0.37109987366912638995 0.00000000099999999996 0.04397532770537781327 0.25112537902422404912 0.01679601240589964281 0.00178664786512142018 0.00000000099999999996 0.02439250260112527102 0.29082425472912531994 
0.33986339258544556730 0.00282979326948753877 0.02702873145806367408 0.24239151876282086229 0.08980045699249461499 0.00000000099999999998 0.00000000099999999998 0.05967049925234144125 0.23841560567934633186 
0.24822270432762710834 0.06750028454533331390 0.03642848451393414927 0.31392494308868706954 0.03358609307620839118 0.01090339672142297787 0.02510577817916203464 0.06504724430754164899 0.19928107124008329065 
0.47929152625482485117 0.00833173626342455578 0.00000000099999999999 0.12841699579325757674 0.02537562311840218729 0.00000000099999999999 0.06360208859524749125 0.12653754159154262382 0.16844448638330067336 
0.32282550860301978402 0.00000000099999999997 0.04930882003443159273 0.22741398194727699411 0.00826094840493729436 0.00251518464238474236 0.00069014839470071896 0.02139943959766408763 0.36758596737558468792 
0.41331127233423803347 0.00000000099999999996 0.02554889561837717787 0.23445130088549823166 0.03073247156498564239 0.00209942227367036468 0.00000000099999999996 0.03024739881775779377 0.26360923650547279928 
0.38261984685399652584 0.00000000099999999998 0.01818781391166263139 0.28492867221318490811 0.00000000099999999998 0.00000013008244734330 0.00000000099999999998 0.02220015643680027517 0.29206337750190836111 
0.49238420252743836381 0.08772001512043473004 0.00878774500035981593 0.31667721646270963198 0.01539906069417963999 0.01304473610215319164 0.00511079502028958989 0.01242434687176018071 0.04845188220067486728 
0.55917567166502701870 0.03598029905008462426 0.00921333952288941153 0.16576993160201858313 0.00679590362398605451 0.01072862474864101807 0.00000000099999999999 0.03827386371989955488 0.17406236506745381698 
0.35287183306141356454 0.02509710547872945688 0.01874637256244469571 0.09952010242696471276 0.00000000099999999999 0.00000000099999999999 0.15859592782583920023 0.04137651186476069831 0.30379214477984761711 
0.57934483513713042058 0.00000000099999999995 0.00000000099999999995 0.19847700541001947472 0.02068358507245906044 0.03141631619357000693 0.11361729524251582002 0.04133083522094303103 0.01513012572336217693 
0.54916516193327336026 0.04398308552988274694 0.01161148684933114780 0.11354046121484322185 0.01824552400141300074 0.00000000099999999998 0.00000000099999999998 0.03957974524259862820 0.22387453322865780159 
0.43125797191434200872 0.23570949797491258515 0.00000000099999999988 0.00000000099999999988 0.00000000099999999988 0.06227496525505028108 0.02114637308868934015 0.00000000099999999988 0.24961118776700599864 
0.00000003493780120412 0.02635075581672753631 0.01666624966149636566 0.26081160526216584650 0.10066725090831310507 0.00000000099999999993 0.20177731029631240656 0.00000000099999999993 0.39372679111718350553 
0.16434869599110304983 0.54705747158046125200 0.00000000099999999987 0.14578310184977916197 0.02549341241863035609 0.02545451031848827705 0.00000000099999999987 0.00000000099999999987 0.09186280484153788728 
0.26292041771365365355 0.51714369308005325721 0.00000000099999999991 0.10353003881042474599 0.02391046926852149340 0.00731430425811156314 0.08510654656629029757 0.00000000099999999991 0.00007452830294494283 
0.27963671026410291676 0.46093859962245348205 0.00000000099999999996 0.05023449958197024473 0.00205430912841139549 0.05017731192888488095 0.01140907912180877393 0.06513095360609673368 0.08041853574627164103 
0.10031409891793192923 0.29477021666093672358 0.00000000099999999991 0.33717927034841826961 0.00000000099999999991 0.00000000099999999991 0.00000000099999999991 0.07228168248539604268 0.19545472758731707863 
0.25062709314717529496 0.00000000099999999980 0.00000000099999999980 0.57582391996249515653 0.00000000099999999980 0.07037848701380844396 0.00000000099999999980 0.10317049487652107942 0.00000000099999999980 
0.20099530390968223248 0.02150349758211310414 0.00000000099999999989 0.49781804506090587825 0.00000000099999999989 0.14158838875170762228 0.00000000099999999989 0.03867662856054333159 0.09941813313504781202 
0.00000000099999999831 0.00000000099999999831 0.00000000099999999831 0.00000000099999999831 0.00000000099999999831 0.99999999199999989319 0.00000000099999999831 0.00000000099999999831 0.00000000099999999831 
0.00000000099999999835 0.00000000099999999835 0.00000000099999999835 0.00000000099999999835 0.00000000099999999835 0.99999999199999989319 0.00000000099999999835 0.00000000099999999835 0.00000000099999999835 
0.00000000099999999832 0.00000000099999999832 0.00000000099999999832 0.00000000099999999832 0.00000000099999999832 0.99999999200000000421 0.00000000099999999832 0.00000000099999999832 0.00000000099999999832 
0.08533945757990231418 0.00995990083502952192 0.08729093612955166059 0.33151593832804165940 0.04369016609227978354 0.00000000099999999998 0.06441671057246510512 0.03530060313656573773 0.34248628632616434642 
0.18202177105723624240 0.03589814365231225324 0.11277300472772180950 0.29619432227500541721 0.04635276815664261113 0.00000000099999999997 0.00000000099999999997 0.02596897171575265548 0.30079101641532912659 
0.16441613475370073227 0.04278182552615041045 0.12764020490158051180 0.30312165192706391759 0.03069473837413826470 0.00838831820973308384 0.00000000099999999998 0.01746342749995061575 0.30549369780768248495 
0.16200994450631739374 0.01241596964996911218 0.13855763072286078619 0.27669785787160261492 0.02533715419807461289 0.00000000099999999999 0.02084108187377419971 0.03377783567135689280 0.33036252450604441933 
0.12242058534957306337 0.00000000099999999995 0.14199184534633835231 0.40127994724926230319 0.03625206129593179505 0.00000000099999999995 0.00000000099999999995 0.02769162137169062579 0.27036393638720396249 
0.11534603766370263300 0.00000000099999999995 0.12536591393062312960 0.37951580293873865557 0.03494729396212759714 0.00000000099999999995 0.00000000099999999995 0.04450940785811857009 0.30031554064668952719 
0.00000000099999999845 0.00000000099999999845 0.99999999200000000421 0.00000000099999999845 0.00000000099999999845 0.00000000099999999845 0.00000000099999999845 0.00000000099999999845 0.00000000099999999845 
0.00000000099999999819 0.00000000099999999819 0.99999999199999989319 0.00000000099999999819 0.00000000099999999819 0.00000000099999999819 0.00000000099999999819 0.00000000099999999819 0.00000000099999999819 
0.00000000099999999994 0.00000000099999999994 0.95042113370591874144 0.04835209921238542430 0.00122676108169590290 0.00000000099999999994 0.00000000099999999994 0.00000000099999999994 0.00000000099999999994 
0.00000000099999999860 0.00000000099999999860 0.99999999200000000421 0.00000000099999999860 0.00000000099999999860 0.00000000099999999860 0.00000000099999999860 0.00000000099999999860 0.00000000099999999860 
0.00000000099999999837 0.00000000099999999837 0.99999999200000000421 0.00000000099999999837 0.00000000099999999837 0.00000000099999999837 0.00000000099999999837 0.00000000099999999837 0.00000000099999999837 
0.00000000099999999796 0.00000000099999999796 0.99999999199999989319 0.00000000099999999796 0.00000000099999999796 0.00000000099999999796 0.00000000099999999796 0.00000000099999999796 0.00000000099999999796 
0.00000000099999999795 0.00000000099999999795 0.99999999199999978217 0.00000000099999999795 0.00000000099999999795 0.00000000099999999795 0.00000000099999999795 0.00000000099999999795 0.00000000099999999795 
0.05003564360100538899 0.01833049830597127325 0.05195926730590958581 0.16544105671396197588 0.01613803231832594207 0.00000000099999999996 0.13957622491362955963 0.00000000099999999996 0.55851927484119623379 
0.00000000099999999804 0.00000000099999999804 0.99999999200000000421 0.00000000099999999804 0.00000000099999999804 0.00000000099999999804 0.00000000099999999804 0.00000000099999999804 0.00000000099999999804 
0.00000000099999999817 0.00000000099999999817 0.99999999200000000421 0.00000000099999999817 0.00000000099999999817 0.00000000099999999817 0.00000000099999999817 0.00000000099999999817 0.00000000099999999817 
0.00000000099999999819 0.00000000099999999819 0.99999999200000000421 0.00000000099999999819 0.00000000099999999819 0.00000000099999999819 0.00000000099999999819 0.00000000099999999819 0.00000000099999999819 
0.00000000099999999833 0.00000000099999999833 0.99999999199999989319 0.00000000099999999833 0.00000000099999999833 0.00000000099999999833 0.00000000099999999833 0.00000000099999999833 0.00000000099999999833 
0.00000000099999999795 0.00000000099999999795 0.99999999199999978217 0.00000000099999999795 0.00000000099999999795 0.00000000099999999795 0.00000000099999999795 0.00000000099999999795 0.00000000099999999795 
0.00000000099999999801 0.00000000099999999801 0.99999999199999989319 0.00000000099999999801 0.00000000099999999801 0.00000000099999999801 0.00000000099999999801 0.00000000099999999801 0.00000000099999999801 
0.27899967012918497344 0.01683578814049576516 0.02008762096350247620 0.20064071894416846131 0.01027188581520364560 0.00000051406140378356 0.12542960587120655092 0.01226251930077448121 0.33547167677405975716 
0.00000000099999999998 0.00000000099999999998 0.02261527984250988332 0.13922437919528476979 0.05634202428201508239 0.02283485331836057966 0.26704636750418347946 0.00000000099999999998 0.49193709285764625205 
0.00000000099999999992 0.00650167436478686113 0.02197405687490398482 0.27777934092072448236 0.14174267195294493193 0.00000000099999999992 0.19551176759829042018 0.00000000099999999992 0.35649048528834942351 
0.03749208857051219979 0.00000000099999999998 0.01144535565984685851 0.21354619055729959221 0.09332245871450521590 0.00000000099999999998 0.17538821940464630056 0.00135796007337518274 0.46744772501981463053 
0.28398362110989033846 0.05118344534797056311 0.02283527703392413191 0.21288370819670895950 0.01655692626972237944 0.00000000099999999999 0.15510565688736180356 0.00000000099999999999 0.25745136315442179731 
0.00000000099999999991 0.00596315593511517229 0.01772338111960673410 0.27577900273275512966 0.17793583177280389296 0.00000000099999999991 0.14152406053183166912 0.00000000099999999991 0.38107456490788743642 
0.00000000099999999989 0.00000000099999999989 0.00763672924703691705 0.23343542356050500652 0.14708249671377621182 0.00000000099999999989 0.20876527235702588281 0.00000000099999999989 0.40308007412165580696 
0.00000000099999999994 0.00719584862676639087 0.02274587125866713022 0.26361811777954924363 0.12135177054177778699 0.00000000099999999994 0.14598028402341245435 0.00000000099999999994 0.43910810476982692352 
0.02299933305241692177 0.02926794472981857423 0.01856758985466016448 0.23966002530763907963 0.11748825495874679059 0.00000000099999999997 0.11552174895010028366 0.00000000099999999997 0.45649510114661806526 
0.00000000099999999997 0.00000000099999999997 0.02062915014727957630 0.35082255666948708450 0.14729078939467507570 0.02468496308990791518 0.09961636812344883130 0.00000000099999999997 0.35695616957520154289 
0.00000000099999999994 0.00000000099999999994 0.01556789270947450156 0.28809774727922243809 0.15964834960525578489 0.01172906975434278090 0.15547689015457166750 0.00000000099999999994 0.36948004749713292405 
0.00000000099999999997 0.00000000099999999997 0.02103224973229422118 0.35228737670639936885 0.14873485275237507963 0.02746520926529625803 0.09942698383383433147 0.00000000099999999997 0.35105332470980088466 
0.00166764472173292432 0.00000000099999999998 0.02447142280598126746 0.07264353227052453010 0.02787437566941172729 0.01816807249339546029 0.29832150389086425912 0.01716499165340722513 0.53968845549468269507 
0.01332353392878542209 0.00254618128318879252 0.00726924746402583030 0.09467073645751562794 0.06861994936344208151 0.02069255639054040641 0.34317583050005556755 0.00129135151738992804 0.44841061309505647614 
0.58930374783520667048 0.00000000099999999993 0.00000000099999999993 0.06437607457475556794 0.00000000099999999993 0.03793868095956322989 0.03892595077967753170 0.07585249318600714719 0.19360304966478983357 
0.38999213939269394835 0.03860683339272453357 0.00218389992734338957 0.09169142108745990949 0.00745762679313270900 0.16919081917219053190 0.03999119428919533509 0.19468027819467242923 0.06620578775058715004 
0.63830755747072698281 0.00000000099999999994 0.00000000099999999994 0.09692974739180779120 0.00000000099999999994 0.07263374436028025016 0.08521659911049650482 0.10592895673769509024 0.00098339192899351137 
0.02417073648007330572 0.00000000099999999992 0.00333477234250635331 0.06756969682098167007 0.02379279281043844910 0.00000000099999999992 0.36946641169701305296 0.00000000099999999992 0.51166558684898710840 
0.01990596623281732855 0.00000000099999999991 0.00000000099999999991 0.05039031111909106353 0.03200738497724184284 0.00000000099999999991 0.34617584402634304919 0.00000000099999999991 0.55152048964450661739 
0.03088715386052982154 0.00000000099999999994 0.00000000099999999994 0.06520802092234107006 0.03328634645657468222 0.00000000099999999994 0.22459828708913673334 0.00000000099999999994 0.64602018767141766720 
0.00000000099999999993 0.00000000099999999993 0.00846656042973225123 0.03621152145129189620 0.01844983570031565046 0.00157883228617593566 0.29612097994734992712 0.00000000099999999993 0.63917226718513431294 
0.12572408285150218910 0.00000000099999999999 0.00554889711163359528 0.06472950719819732524 0.04585637104077189968 0.04057197079904799331 0.22201748865171286318 0.01761493745593494323 0.47793674389119927826 
0.01155697931218245891 0.00000000099999999990 0.00000000099999999990 0.00000000099999999990 0.00931601941933508232 0.00000000099999999990 0.41551120765163213067 0.00000000099999999990 0.56361578861685024400 
0.04203006376649858628 0.00000000099999999999 0.00689815872995286350 0.08849780292031743378 0.00598735635464797949 0.00000000099999999999 0.41172219220689632024 0.00000000099999999999 0.44486442302168688334 
0.58550972344932228353 0.00686379206981308550 0.00000000099999999997 0.05925552482383825842 0.00000000099999999997 0.01164657466394078758 0.18160667471554892138 0.00199950197138707873 0.15311820630614955685 
0.40301781241407819145 0.00000000099999999989 0.00000000099999999989 0.00000000099999999989 0.00000000099999999989 0.04242969846420530100 0.11146639765444983639 0.04014577480596717013 0.40294031266129942681 
0.96497134376017246193 0.00000000099999999982 0.00000000099999999982 0.00000000099999999982 0.00000000099999999982 0.00000000099999999982 0.00000000099999999982 0.03294090999666270808 0.00208774024316506299 
0.67720062457403862322 0.00000000099999999992 0.00000000099999999992 0.02080228639892830328 0.01165125917254851776 0.00000000099999999992 0.06413110008414332763 0.00000000099999999992 0.22621472577034135165 
0.13564719541813921588 0.00000000099999999985 0.00000000099999999985 0.02598792025974089315 0.00000000099999999985 0.00000000099999999985 0.29812241444144632618 0.01137085086283127350 0.52887161501784218931 
0.03985456242402142524 0.00000000099999999986 0.00000000099999999986 0.00000000099999999986 0.00000000099999999986 0.00000000099999999986 0.24072479088758505505 0.00000000099999999986 0.71942064068839339797 
0.06971711505767839989 0.00000000099999999996 0.00000000099999999996 0.00000000099999999996 0.01502580440347982965 0.00000000099999999996 0.09887000871449912187 0.01689525366956156835 0.79949181415478109969 
0.17438124273579708179 0.00000000099999999991 0.00000000099999999991 0.01666756437880670058 0.00000000099999999991 0.00420519660219385860 0.31538323906510623562 0.00434618611994538797 0.48501656809815074656 
0.99999999200000022626 0.00000000099999999930 0.00000000099999999930 0.00000000099999999930 0.00000000099999999930 0.00000000099999999930 0.00000000099999999930 0.00000000099999999930 0.00000000099999999930 
0.17816979964683207771 0.00000000100000000000 0.02577497185485812942 0.12445018507411373387 0.07887155589184990934 0.05602386978886081392 0.13407041914457767939 0.00373021698770202971 0.39890898061120555473 
0.00000000099999999992 0.00412160607807438364 0.02701174777627643811 0.19559660237047085674 0.10598396127438410030 0.00000000099999999992 0.24928063918437753932 0.00000000099999999992 0.41800544031641667653 
0.13722576650523865549 0.00000000099999999993 0.02772449979316064100 0.09309868369982596259 0.03383217644003352204 0.00000000099999999993 0.20767654720314793204 0.00000000099999999993 0.50044232335859317740 
0.08319855858993001341 0.00239705393718054596 0.01305424844595564488 0.16351961784959179180 0.10303924308395587262 0.00532657655743898860 0.16934760407529600434 0.00564140779506853204 0.45447568966558266057 
0.08392649966010413964 0.00000000099999999992 0.02084974893391277825 0.18070807986936265888 0.00000000099999999992 0.00000000099999999992 0.27984923592616361976 0.00000000099999999992 0.43466643161045670496 
0.18617782799318963183 0.00000000099999999990 0.00000000099999999990 0.00000000099999999990 0.02217014509388675822 0.03463894997284210769 0.08098741771602439854 0.04562754502597678868 0.63039811119808031314 
0.01789654758843858481 0.00995453361105644481 0.00000007796138113501 0.04327591147692888551 0.01564161670912642826 0.00287730286345547334 0.30269856937104999695 0.00000000099999999999 0.60765543941856303700 
0.08568304311621201264 0.00000000099999999999 0.03138125871306395032 0.18019612045078897689 0.13494931819809505291 0.00905683242640723321 0.04354400686674830823 0.00000000099999999999 0.51518941822868447034 
0.00000000099999999986 0.74310229470619548753 0.00000000099999999986 0.16072407934290647291 0.02561106743417188372 0.00000000099999999986 0.00000000099999999986 0.00000000099999999986 0.07056255351672642562 
0.00000000099999999808 0.99999999200000011523 0.00000000099999999808 0.00000000099999999808 0.00000000099999999808 0.00000000099999999808 0.00000000099999999808 0.00000000099999999808 0.00000000099999999808 
0.00000000099999999803 0.99999999200000000421 0.00000000099999999803 0.00000000099999999803 0.00000000099999999803 0.00000000099999999803 0.00000000099999999803 0.00000000099999999803 0.00000000099999999803 
0.43396149883892526367 0.12245350408295059552 0.00791536203213543364 0.08453417475115446167 0.00925962386861278221 0.17012488996844915556 0.00000000099999999999 0.06202178709854000438 0.10972915835923213734 
0.42965168371922274337 0.07190267812547107562 0.00000000099999999997 0.30290256383545333119 0.01998981785844314296 0.05177235843787846015 0.00000000099999999997 0.09686762308583087011 0.02691327293770044357 
0.12136070022453857020 0.11777032621866756479 0.01289511866578832607 0.44543126247865805212 0.09548434391658473797 0.00000000099999999998 0.02711347010891183157 0.03124000845984837432 0.14870476892700243421 
0.05046571345880719595 0.00000000099999999993 0.00000000099999999993 0.18775387536678569966 0.07705109688488986919 0.05255047544897376716 0.00000000099999999993 0.00000000099999999993 0.63217883484054337995 
0.05443345828090222216 0.00000000099999999991 0.00000000099999999991 0.18890269329897255157 0.07403921966151010003 0.05393701369789851569 0.00000000099999999991 0.00000000099999999991 0.62868761106071657796 
0.05199479001820213331 0.00000000099999999992 0.00000000099999999992 0.19350708986462508698 0.07127112361512773220 0.05312054639984695875 0.00000000099999999992 0.00000000099999999992 0.63010644610219790351 
0.00652286158257016618 0.00000000099999999989 0.02650947742459705200 0.20269703006771433440 0.17945921128539163436 0.00000000099999999989 0.27636010104793895525 0.00000000099999999989 0.30845131559178790015 
0.00000000099999999991 0.00929787542219157916 0.00000000099999999991 0.00000000099999999991 0.00000000099999999991 0.04132748853351236873 0.00409352888412488694 0.00377788769910560908 0.94150321546106552351 
0.00000000099999999952 0.00000000099999999952 0.00000000099999999952 0.00000000099999999952 0.00000000099999999952 0.00000000099999999952 0.00000000099999999952 0.00000000099999999952 0.99999999199999989319 
0.00665204120777731622 0.00000000099999999990 0.00000000099999999990 0.19061470301469110589 0.00000000099999999990 0.00000000099999999990 0.29017576586335402933 0.04134663760066861760 0.47121084831350890099 
0.00000000099999999994 0.00000000099999999994 0.00732976193043998955 0.09285688287535992513 0.01714616950795261677 0.00000000099999999994 0.12163477625031195173 0.00000000099999999994 0.76103240543593542178 
0.00000000099999999998 0.00122262425985349425 0.02043090048948214416 0.06134008415876653769 0.00872790388537484328 0.00000000099999999998 0.12549530422875129765 0.01359772713956710136 0.76918545383820469130 
0.09388545363444671110 0.00000000099999999992 0.00131552069374501947 0.07848073949329083254 0.04824593028685842527 0.00000000099999999992 0.27832044868061200926 0.00000000099999999992 0.49975190421104714877 
0.03274607583675705896 0.00000000099999999998 0.01462345135138772012 0.07354694264904909629 0.03197045757507972763 0.00438008458217383021 0.33642258918588524574 0.02933182177477135222 0.47697857604489579675 
0.00000000099999999996 0.00000000099999999996 0.01238575218696731477 0.09006973778983028145 0.02824629976149317309 0.00000000099999999996 0.09910977003502892402 0.02354199295174294604 0.74664644427493742640 
0.00000000099999999927 0.00000000099999999927 0.00000000099999999927 0.00000000099999999927 0.00000000099999999927 0.00000000099999999927 0.00000000099999999927 0.00000000099999999927 0.99999999199999989319 
0.00000000099999999924 0.00000000099999999924 0.00000000099999999924 0.00000000099999999924 0.00000000099999999924 0.00000000099999999924 0.00000000099999999924 0.00000000099999999924 0.99999999200000000421 
0.00000000099999999925 0.00000000099999999925 0.00000000099999999925 0.00000000099999999925 0.00000000099999999925 0.00000000099999999925 0.00000000099999999925 0.00000000099999999925 0.99999999200000000421 
0.00000000099999999980 0.00000000099999999980 0.01942307363389172981 0.00000000099999999980 0.00000000099999999980 0.00000000099999999980 0.93916208899067088467 0.00000000099999999980 0.04141483137543738868 
0.00000000099999999858 0.00000000099999999858 0.00000000099999999858 0.00000000099999999858 0.00000000099999999858 0.00000000099999999858 0.99999999199999989319 0.00000000099999999858 0.00000000099999999858 
0.04128833074048501167 0.00000000099999999987 0.00000000099999999987 0.02176127684490770930 0.00000000099999999987 0.00000000099999999987 0.93695038641460726137 0.00000000099999999987 0.00000000099999999987 
0.07429841621530620943 0.00000000099999999979 0.00000000099999999979 0.00000000099999999979 0.00000000099999999979 0.02779663896036569520 0.71499285375239052254 0.00000000099999999979 0.18291208607193748525 
0.13742167816499650801 0.00000000099999999990 0.00000000099999999990 0.00000000099999999990 0.00000000099999999990 0.02688042207689636184 0.70424280577170317308 0.00000000099999999990 0.13145508898640417828 
0.02427828521811095999 0.02216870917623761650 0.00000000099999999998 0.15894958889109878086 0.04827208742218498660 0.00659149566832049894 0.58603652345383361322 0.00000000099999999998 0.15370330817021357617 
0.00000000099999999874 0.00000000099999999874 0.00000000099999999874 0.00000000099999999874 0.00000000099999999874 0.00000000099999999874 0.99999999199999978217 0.00000000099999999874 0.00000000099999999874 
0.00497216047371191582 0.00000000099999999980 0.00000000099999999980 0.00000000099999999980 0.00000000099999999980 0.01829970674442604403 0.61965769136547699247 0.02901877246728690879 0.32805166494909804298 
0.13476101715942020998 0.00000000099999999990 0.00000000099999999990 0.00395465378573625886 0.01047060416390097580 0.00000000099999999990 0.61562016293814447732 0.00000000099999999990 0.23519355795279814347 
0.14222361060107222008 0.00000000099999999993 0.00000000099999999993 0.00300669600594099347 0.00667928319477200869 0.00000000099999999993 0.61754432007871662424 0.00000000099999999993 0.23054608611949817254 
0.00000000099999999968 0.15681457121734562743 0.00000000099999999968 0.83493728763452867980 0.00000000099999999968 0.00000000099999999968 0.00000000099999999968 0.00824813514812559358 0.00000000099999999968 
0.03334725341419635808 0.03368784102957541465 0.03480872435227729683 0.25525908685937470644 0.09123107989837887788 0.00104014259306983367 0.17420047644135058795 0.02843997923559880847 0.34798541617617806398 
0.00000000099999999996 0.07089983327163251747 0.00000000099999999996 0.56521993637943801492 0.04487640445796888672 0.01227482181309040056 0.07581966326766749475 0.02132232785823323304 0.20958701095196952124 
