0.00000000099999999697 0.00000000099999999697 0.00000000099999999697 0.00000000099999999697 0.00000000099999999697 0.00000000099999999697 0.00000000099999999697 0.00000000099999999697 0.00000000099999999697 0.00000000099999999697 0.00000000099999999697 0.00000000099999999697 0.00000000099999999697 0.99999998599999984084 0.00000000099999999697 
0.00000000099999999702 0.00000000099999999702 0.00000000099999999702 0.00000000099999999702 0.00000000099999999702 0.00000000099999999702 0.00000000099999999702 0.00000000099999999702 0.00000000099999999702 0.00000000099999999702 0.00000000099999999702 0.00000000099999999702 0.00000000099999999702 0.99999998599999995186 0.00000000099999999702 
0.00000000099999999696 0.00000000099999999696 0.00000000099999999696 0.00000000099999999696 0.00000000099999999696 0.00000000099999999696 0.00000000099999999696 0.00000000099999999696 0.00000000099999999696 0.00000000099999999696 0.00000000099999999696 0.00000000099999999696 0.00000000099999999696 0.99999998599999984084 0.00000000099999999696 
0.01137358242975146372 0.58323207734497850563 0.00008001203034473490 0.01422628343575757862 0.00116673427406520890 0.00080977129574954414 0.08232561111088951278 0.00000200172973821287 0.00940741119010144768 0.09542263795113285763 0.07728432990999632712 0.00192588603162973738 0.09618008484124011825 0.00042536900650608716 0.02613820741811876194 
0.00005399740130232482 0.00334083114852702211 0.00009566715045793824 0.32105647845513662908 0.00113204869664254560 0.00000413420937500481 0.00024876891353759471 0.00005153139560561637 0.00001260271519864164 0.00003257761889416278 0.00151477730560809409 0.00001016510886622775 0.00296517117042838837 0.00004234985415634084 0.66943889885626350900 
0.00000000099999999753 0.00000000099999999753 0.00000000099999999753 0.00000000099999999753 0.00000000099999999753 0.00000000099999999753 0.00000000099999999753 0.00000000099999999753 0.00000000099999999753 0.00000000099999999753 0.00000000099999999753 0.99999998599999972981 0.00000000099999999753 0.00000000099999999753 0.00000000099999999753 
0.00000000099999999755 0.00000000099999999755 0.00000000099999999755 0.00000000099999999755 0.00000000099999999755 0.00000000099999999755 0.00000000099999999755 0.00000000099999999755 0.00000000099999999755 0.00000000099999999755 0.00000000099999999755 0.99999998599999972981 0.00000000099999999755 0.00000000099999999755 0.00000000099999999755 
0.00000000099999999737 0.00000000099999999737 0.00000000099999999737 0.00000000099999999737 0.00000000099999999737 0.00000000099999999737 0.00000000099999999737 0.00000000099999999737 0.00000000099999999737 0.00000000099999999737 0.00000000099999999737 0.99999998599999972981 0.00000000099999999737 0.00000000099999999737 0.00000000099999999737 
0.00000000099999999779 0.00000000099999999779 0.00000000099999999779 0.00000000099999999779 0.00000000099999999779 0.00000000099999999779 0.00000000099999999779 0.00000000099999999779 0.00000000099999999779 0.00000000099999999779 0.00000000099999999779 0.99999998599999972981 0.00000000099999999779 0.00000000099999999779 0.00000000099999999779 
0.00000000099999999777 0.00000000099999999777 0.00000000099999999777 0.00000000099999999777 0.00000000099999999777 0.00000000099999999777 0.00000000099999999777 0.00000000099999999777 0.00000000099999999777 0.00000000099999999777 0.00000000099999999777 0.99999998599999984084 0.00000000099999999777 0.00000000099999999777 0.00000000099999999777 
0.00000000099999999690 0.00000000099999999690 0.00000000099999999690 0.00000000099999999690 0.00000000099999999690 0.00000000099999999690 0.00000000099999999690 0.00000000099999999690 0.00000000099999999690 0.00000000099999999690 0.00000000099999999690 0.99999998599999984084 0.00000000099999999690 0.00000000099999999690 0.00000000099999999690 
0.00000000099999999737 0.99999998600000006288 0.00000000099999999737 0.00000000099999999737 0.00000000099999999737 0.00000000099999999737 0.00000000099999999737 0.00000000099999999737 0.00000000099999999737 0.00000000099999999737 0.00000000099999999737 0.00000000099999999737 0.00000000099999999737 0.00000000099999999737 0.00000000099999999737 
0.00000000099999999736 0.99999998600000017390 0.00000000099999999736 0.00000000099999999736 0.00000000099999999736 0.00000000099999999736 0.00000000099999999736 0.00000000099999999736 0.00000000099999999736 0.00000000099999999736 0.00000000099999999736 0.00000000099999999736 0.00000000099999999736 0.00000000099999999736 0.00000000099999999736 
0.00000000099999999826 0.99999998600000017390 0.00000000099999999826 0.00000000099999999826 0.00000000099999999826 0.00000000099999999826 0.00000000099999999826 0.00000000099999999826 0.00000000099999999826 0.00000000099999999826 0.00000000099999999826 0.00000000099999999826 0.00000000099999999826 0.00000000099999999826 0.00000000099999999826 
0.00000000099999999754 0.99999998600000006288 0.00000000099999999754 0.00000000099999999754 0.00000000099999999754 0.00000000099999999754 0.00000000099999999754 0.00000000099999999754 0.00000000099999999754 0.00000000099999999754 0.00000000099999999754 0.00000000099999999754 0.00000000099999999754 0.00000000099999999754 0.00000000099999999754 
0.00000000099999999909 0.77201808268307958727 0.00000000099999999909 0.00000000099999999909 0.00000000099999999909 0.00000000099999999909 0.00000000099999999909 0.00000000099999999909 0.00000000099999999909 0.00000000099999999909 0.00000000099999999909 0.00000000099999999909 0.00000000099999999909 0.00000000099999999909 0.22798190431692078040 
0.00000000099999999721 0.99999998600000006288 0.00000000099999999721 0.00000000099999999721 0.00000000099999999721 0.00000000099999999721 0.00000000099999999721 0.00000000099999999721 0.00000000099999999721 0.00000000099999999721 0.00000000099999999721 0.00000000099999999721 0.00000000099999999721 0.00000000099999999721 0.00000000099999999721 
0.00000000099999999726 0.99999998600000006288 0.00000000099999999726 0.00000000099999999726 0.00000000099999999726 0.00000000099999999726 0.00000000099999999726 0.00000000099999999726 0.00000000099999999726 0.00000000099999999726 0.00000000099999999726 0.00000000099999999726 0.00000000099999999726 0.00000000099999999726 0.00000000099999999726 
0.00000000099999999872 0.99999998600000028492 0.00000000099999999872 0.00000000099999999872 0.00000000099999999872 0.00000000099999999872 0.00000000099999999872 0.00000000099999999872 0.00000000099999999872 0.00000000099999999872 0.00000000099999999872 0.00000000099999999872 0.00000000099999999872 0.00000000099999999872 0.00000000099999999872 
0.00000000099999999829 0.99999998600000017390 0.00000000099999999829 0.00000000099999999829 0.00000000099999999829 0.00000000099999999829 0.00000000099999999829 0.00000000099999999829 0.00000000099999999829 0.00000000099999999829 0.00000000099999999829 0.00000000099999999829 0.00000000099999999829 0.00000000099999999829 0.00000000099999999829 
0.00000000099999999929 0.99999998600000039595 0.00000000099999999929 0.00000000099999999929 0.00000000099999999929 0.00000000099999999929 0.00000000099999999929 0.00000000099999999929 0.00000000099999999929 0.00000000099999999929 0.00000000099999999929 0.00000000099999999929 0.00000000099999999929 0.00000000099999999929 0.00000000099999999929 
0.00000000099999999823 0.99999998600000028492 0.00000000099999999823 0.00000000099999999823 0.00000000099999999823 0.00000000099999999823 0.00000000099999999823 0.00000000099999999823 0.00000000099999999823 0.00000000099999999823 0.00000000099999999823 0.00000000099999999823 0.00000000099999999823 0.00000000099999999823 0.00000000099999999823 
0.00000000099999999766 0.99999998600000006288 0.00000000099999999766 0.00000000099999999766 0.00000000099999999766 0.00000000099999999766 0.00000000099999999766 0.00000000099999999766 0.00000000099999999766 0.00000000099999999766 0.00000000099999999766 0.00000000099999999766 0.00000000099999999766 0.00000000099999999766 0.00000000099999999766 
0.00000000099999999769 0.99999998600000006288 0.00000000099999999769 0.00000000099999999769 0.00000000099999999769 0.00000000099999999769 0.00000000099999999769 0.00000000099999999769 0.00000000099999999769 0.00000000099999999769 0.00000000099999999769 0.00000000099999999769 0.00000000099999999769 0.00000000099999999769 0.00000000099999999769 
0.00000000099999999722 0.99999998600000006288 0.00000000099999999722 0.00000000099999999722 0.00000000099999999722 0.00000000099999999722 0.00000000099999999722 0.00000000099999999722 0.00000000099999999722 0.00000000099999999722 0.00000000099999999722 0.00000000099999999722 0.00000000099999999722 0.00000000099999999722 0.00000000099999999722 
0.00000000099999999732 0.99999998600000006288 0.00000000099999999732 0.00000000099999999732 0.00000000099999999732 0.00000000099999999732 0.00000000099999999732 0.00000000099999999732 0.00000000099999999732 0.00000000099999999732 0.00000000099999999732 0.00000000099999999732 0.00000000099999999732 0.00000000099999999732 0.00000000099999999732 
0.00000000099999999734 0.99999998600000006288 0.00000000099999999734 0.00000000099999999734 0.00000000099999999734 0.00000000099999999734 0.00000000099999999734 0.00000000099999999734 0.00000000099999999734 0.00000000099999999734 0.00000000099999999734 0.00000000099999999734 0.00000000099999999734 0.00000000099999999734 0.00000000099999999734 
0.00000000099999999978 0.01224278475616185670 0.01554630442151446086 0.01561185642282358205 0.06023974678774005054 0.00000000099999999978 0.00000000099999999978 0.00000000099999999978 0.08057080722270094919 0.16224380188472825592 0.00000000099999999978 0.63177059798185719597 0.00000000099999999978 0.02177409352247370103 0.00000000099999999978 
0.00000000099999999836 0.00000000099999999836 0.00000000099999999836 0.00000000099999999836 0.99999998600000006288 0.00000000099999999836 0.00000000099999999836 0.00000000099999999836 0.00000000099999999836 0.00000000099999999836 0.00000000099999999836 0.00000000099999999836 0.00000000099999999836 0.00000000099999999836 0.00000000099999999836 
0.00000000099999999852 0.00000000099999999852 0.00000000099999999852 0.00000000099999999852 0.99999998600000017390 0.00000000099999999852 0.00000000099999999852 0.00000000099999999852 0.00000000099999999852 0.00000000099999999852 0.00000000099999999852 0.00000000099999999852 0.00000000099999999852 0.00000000099999999852 0.00000000099999999852 
0.00000000099999999849 0.00000000099999999849 0.00000000099999999849 0.00000000099999999849 0.99999998600000017390 0.00000000099999999849 0.00000000099999999849 0.00000000099999999849 0.00000000099999999849 0.00000000099999999849 0.00000000099999999849 0.00000000099999999849 0.00000000099999999849 0.00000000099999999849 0.00000000099999999849 
0.00000000099999999852 0.00000000099999999852 0.00000000099999999852 0.00000000099999999852 0.00000000099999999852 0.00000000099999999852 0.00000000099999999852 0.00000000099999999852 0.00000000099999999852 0.99999998599999995186 0.00000000099999999852 0.00000000099999999852 0.00000000099999999852 0.00000000099999999852 0.00000000099999999852 
0.00000000099999999865 0.00000000099999999865 0.00000000099999999865 0.00000000099999999865 0.00000000099999999865 0.00000000099999999865 0.00000000099999999865 0.00000000099999999865 0.00000000099999999865 0.99999998600000006288 0.00000000099999999865 0.00000000099999999865 0.00000000099999999865 0.00000000099999999865 0.00000000099999999865 
0.00000000099999999962 0.00000000099999999962 0.00000000099999999962 0.00000000099999999962 0.14500229611277820618 0.00000000099999999962 0.00000000099999999962 0.00000000099999999962 0.00000000099999999962 0.14811555924815816843 0.00000000099999999962 0.31910278738041242264 0.00000000099999999962 0.38777934625865101426 0.00000000099999999962 
0.00000000099999999864 0.00000000099999999864 0.00000000099999999864 0.00000000099999999864 0.00000000099999999864 0.00000000099999999864 0.00000000099999999864 0.00000000099999999864 0.00000000099999999864 0.99999998599999995186 0.00000000099999999864 0.00000000099999999864 0.00000000099999999864 0.00000000099999999864 0.00000000099999999864 
0.00000000099999999867 0.00000000099999999867 0.00000000099999999867 0.00000000099999999867 0.00000000099999999867 0.00000000099999999867 0.00000000099999999867 0.00000000099999999867 0.00000000099999999867 0.99999998599999995186 0.00000000099999999867 0.00000000099999999867 0.00000000099999999867 0.00000000099999999867 0.00000000099999999867 
0.07120551504964350853 0.03887684188969552784 0.00000000397002791743 0.00000000099999999999 0.06625455766565950533 0.47976301133826754208 0.02766396916618773724 0.01508718236683860396 0.00000000099999999999 0.18185805920312261841 0.01940538159672348245 0.02421858133730105805 0.00857346501081392154 0.00000000099999999999 0.06709342840571867750 
0.00000000099999999976 0.00000000099999999976 0.08136532464076562388 0.01595732168775831905 0.11729628301448613570 0.29958907415414448572 0.39836714102302372975 0.08742484647982200208 0.00000000099999999976 0.00000000099999999976 0.00000000099999999976 0.00000000099999999976 0.00000000099999999976 0.00000000099999999976 0.00000000099999999976 
0.01441912853450145506 0.00000000099999999995 0.13314471428422741672 0.02507674431242424423 0.02024027854547546385 0.24543720991935616405 0.44679309215376478148 0.04404924519743395189 0.00000000099999999995 0.00000000099999999995 0.00377184450623743598 0.00000000099999999995 0.05514463116282040944 0.00000000099999999995 0.01192310638375884344 
0.00000000099999999992 0.02035512134878166707 0.13462786819568264840 0.05501352117970458727 0.00000000099999999992 0.34343047681255561843 0.37813595579257919255 0.04391913045079014893 0.00000000099999999992 0.00000000099999999992 0.00000000099999999992 0.00000000099999999992 0.00000000099999999992 0.02451791821990632197 0.00000000099999999992 
0.00000000099999999978 0.01119423950879948684 0.01107967369981690750 0.00000000099999999978 0.06891854638197217331 0.61799409334585753140 0.15158606203979099747 0.00000000099999999978 0.03305465676686140247 0.10617272025690156767 0.00000000099999999978 0.00000000099999999978 0.00000000099999999978 0.00000000099999999978 0.00000000099999999978 
0.00054233176535166839 0.00000000099999999995 0.09769254574764631160 0.02373252302822892110 0.04012867193512931890 0.30463271842489064722 0.32306061365676846941 0.04418188915596563821 0.00665748045733310662 0.00000000099999999995 0.00000000099999999995 0.00596392528863543252 0.12499600668170908480 0.00000000099999999995 0.02841128985834141460 
0.00000000099999999991 0.00000000099999999991 0.07331283721035150580 0.01485219366263978644 0.00000000099999999991 0.54211984227107212764 0.20292300591847178826 0.00172496177317877546 0.00000194010587284695 0.09543361717231829688 0.00000000099999999991 0.03168902561102422688 0.00000000099999999991 0.00000000099999999991 0.03794257027507060703 
0.01455145133312026572 0.00000077418625655498 0.04632336690040983473 0.03687495565968797878 0.05475623560506173021 0.45751052525526553216 0.05877891625793182223 0.00000000099999999993 0.03024088350734352101 0.20041352999106171184 0.00000000099999999993 0.00000000099999999993 0.05321374225463813140 0.00000000099999999993 0.04733561504922299823 
0.04953050569597097080 0.00000000099999999994 0.07291459047575535313 0.00000000099999999994 0.01951266352751034744 0.39294756495152993736 0.30031107138642204601 0.01665241543627044019 0.05125560877958203199 0.08615764084467193717 0.00000000099999999994 0.00000000099999999994 0.00000000099999999994 0.01071793290228710907 0.00000000099999999994 
0.00000000099999999986 0.00000000099999999986 0.04744230858075446089 0.01215482250077248340 0.21684697509370309820 0.09945723179093235444 0.39168140546155977288 0.02045250011112910785 0.03019245087440458261 0.09541600973374173011 0.00000000099999999986 0.00000000099999999986 0.08635628985300253246 0.00000000099999999986 0.00000000099999999986 
0.00000000099999999971 0.08635178574761631642 0.17867398125926226005 0.00000000099999999971 0.08762588301344895192 0.00000000099999999971 0.00000000099999999971 0.00000000099999999971 0.01356769025747306574 0.23795205465021529445 0.00000000099999999971 0.00000000099999999971 0.01434059783469687245 0.00000000099999999971 0.38148799923728732297 
0.06010138595951830531 0.00000000099999999982 0.00000000099999999982 0.00000000099999999982 0.00000000099999999982 0.85336629524376894640 0.00000000099999999982 0.00000000099999999982 0.00000000099999999982 0.00000000099999999982 0.06856472812427363839 0.01796757967243943488 0.00000000099999999982 0.00000000099999999982 0.00000000099999999982 
0.09945924191769392464 0.00000000099999999978 0.00000000099999999978 0.00000000099999999978 0.00000000099999999978 0.82414103390735460319 0.00000000099999999978 0.00000000099999999978 0.00000000099999999978 0.00000000099999999978 0.02527666755332313997 0.05112304562162849758 0.00000000099999999978 0.00000000099999999978 0.00000000099999999978 
0.04930839823305545322 0.00000000099999999970 0.00000000099999999970 0.00000000099999999970 0.00000000099999999970 0.87446576192925362658 0.00000000099999999970 0.00033405707711634160 0.00000000099999999970 0.00000000099999999970 0.04846468384859815848 0.02742708891197653473 0.00000000099999999970 0.00000000099999999970 0.00000000099999999970 
0.07137591526926494179 0.03456071004521050344 0.00000000099999999998 0.01817644695243541067 0.00000000099999999998 0.67790161371973844950 0.05251135009322471792 0.00828744744591827613 0.00000000099999999998 0.03174493429966755015 0.07603517406238297083 0.02505814781201397279 0.00434825530014312615 0.00000000099999999998 0.00000000099999999998 
0.05735352793095893631 0.01021784831372884138 0.00074187165617381533 0.00045354291207267463 0.00000000099999999999 0.69993462030410569241 0.02744952581357322507 0.00517950718819547382 0.01661046688146409350 0.06457703568641340319 0.07247625162366039264 0.01405006388075119919 0.00367903712287576817 0.01175024074878574382 0.01552645893724055419 
0.00000000099999999889 0.00000000099999999889 0.00000000099999999889 0.00000000099999999889 0.00000000099999999889 0.00000000099999999889 0.00000000099999999889 0.00000000099999999889 0.00000000099999999889 0.00000000099999999889 0.00000000099999999889 0.00000000099999999889 0.00000000099999999889 0.00000000099999999889 0.99999998599999995186 
0.08594359988394749406 0.00000000099999999956 0.00000000099999999956 0.00000000099999999956 0.00674373151291794530 0.00000000099999999956 0.00000000099999999956 0.00000000099999999956 0.00000000099999999956 0.00000000099999999956 0.00000000099999999956 0.05858420458371382811 0.00000000099999999956 0.00000000099999999956 0.84872845301942068108 
0.00000000099999999956 0.00000000099999999956 0.00000000099999999956 0.00000000099999999956 0.00000000099999999956 0.00000000099999999956 0.00000000099999999956 0.00000000099999999956 0.00000000099999999956 0.00000000099999999956 0.00000000099999999956 0.02922624028768094212 0.00000000099999999956 0.00000000099999999956 0.97077374671231908554 
0.00000000099999999834 0.00000000099999999834 0.00000000099999999834 0.00000000099999999834 0.00000000099999999834 0.00000000099999999834 0.00000000099999999834 0.00000000099999999834 0.00000000099999999834 0.00000000099999999834 0.00000000099999999834 0.00000000099999999834 0.00000000099999999834 0.00000000099999999834 0.99999998599999995186 
0.00000000099999999913 0.00000000099999999913 0.00000000099999999913 0.00000000099999999913 0.00000000099999999913 0.00000000099999999913 0.00000000099999999913 0.00000000099999999913 0.00000000099999999913 0.00000000099999999913 0.00000000099999999913 0.00000000099999999913 0.00000000099999999913 0.00000000099999999913 0.99999998600000006288 
0.00000000099999999903 0.00000000099999999903 0.00000000099999999903 0.00000000099999999903 0.00000000099999999903 0.00000000099999999903 0.00000000099999999903 0.00000000099999999903 0.00000000099999999903 0.00000000099999999903 0.00000000099999999903 0.16794985024888792191 0.00000000099999999903 0.00000000099999999903 0.83205013675111205718 
0.00000000099999999981 0.02515539613551000600 0.00000000099999999981 0.00000000099999999981 0.04745290551533087181 0.00000000099999999981 0.12350640694979270195 0.03928955499123732570 0.00000000099999999981 0.00000000099999999981 0.00000000099999999981 0.06047554406162673063 0.01364598720675707678 0.00868165196942693139 0.68179254617031836982 
0.58952964361622017808 0.00000000099999999978 0.00000000099999999978 0.00000000099999999978 0.00000000099999999978 0.07614974726646397962 0.00000000099999999978 0.04033384579582092316 0.00000000099999999978 0.00000000099999999978 0.00000000099999999978 0.08874466931358435118 0.00000000099999999978 0.09569304612999252058 0.10954903887791829498 
0.39585532292617769956 0.03508777356850121404 0.01346958473017364870 0.00000000099999999995 0.02308812719614160638 0.18162435508517099647 0.02425266785693082350 0.00000000099999999995 0.00000000099999999995 0.05141234284268716981 0.00000000099999999995 0.10447185668520417301 0.01419882596535265717 0.05563267301091807254 0.10090646613274197041 
0.65312336935780346270 0.01213321484426677088 0.00000000099999999979 0.00000000099999999979 0.00000000099999999979 0.01770722423204408938 0.00000000099999999979 0.01607652353063716497 0.00000000099999999979 0.00000000099999999979 0.00000000099999999979 0.15031166916430171998 0.00000000099999999979 0.03342934279113098789 0.11721864807981606516 
0.16072664921133428262 0.00000000099999999987 0.43860957006322015550 0.00000000099999999987 0.00000000099999999987 0.15184521130188075033 0.16937847592228161275 0.00000000099999999987 0.00000000099999999987 0.02102870493201251106 0.00000000099999999987 0.03955394370797346570 0.00000000099999999987 0.01885743686129739277 0.00000000099999999987 
0.01812023672251534059 0.07419449140472961224 0.00493799392247517774 0.00609395658832362873 0.08085678846120816776 0.12527301167022761308 0.07932796716793270864 0.00812697277154123508 0.06698254138384071577 0.22052734216581265647 0.00000000099999999998 0.04975780449117032933 0.09710519751030806390 0.00318719883980575968 0.16550849590010893730 
0.00000000099999999976 0.04266458884075850083 0.00000000099999999976 0.00000000099999999976 0.17444556575023753564 0.17599901659287556233 0.07102454024363727414 0.00000000099999999976 0.02622070867826159848 0.34197821180726811763 0.00000000099999999976 0.00000000099999999976 0.10241315261332108177 0.00000000099999999976 0.06525420847364038490 
0.00000000099999999995 0.00689859020611272977 0.07325078486355443563 0.00457388573109488057 0.09156131573366231569 0.30374870239663093185 0.01044629218801834160 0.00000000099999999995 0.05435013015728556302 0.25304622701345208524 0.00000000099999999995 0.00000000099999999995 0.12907238276572244318 0.00000000099999999995 0.07305168394446648339 
0.00000000099999999991 0.06764799324066649022 0.07489077639045219059 0.00000000099999999991 0.00644458496932347018 0.36346933501787842546 0.04559002460791714700 0.00000000099999999991 0.01463108409759062215 0.28166378550484205689 0.00000000099999999991 0.00000000099999999991 0.10624447149693487524 0.00000000099999999991 0.03941793867439485205 
0.00000000099999999982 0.00000000099999999982 0.00000000099999999982 0.00000000099999999982 0.00000000099999999982 0.73128079964521275347 0.05136016496584308588 0.00000000099999999982 0.00000000099999999982 0.13177812069762695479 0.00000000099999999982 0.07193383549687941414 0.00000000099999999982 0.01364706919443802423 0.00000000099999999982 
0.00751134870631393718 0.02823160010130205261 0.00686409125034309099 0.03262213782699305981 0.01065237402179048873 0.59726026146051136578 0.00000000099999999991 0.00000000099999999991 0.00000000099999999991 0.17926460872638311228 0.00000000099999999991 0.00328633428600309677 0.06549563104352139342 0.03559047024347950644 0.03322113833335896271 
0.00000000099999999947 0.00000000099999999947 0.00000000099999999947 0.00000000099999999947 0.00000000099999999947 0.90833656776595672611 0.00000000099999999947 0.00000000099999999947 0.00000000099999999947 0.09166341923404346115 0.00000000099999999947 0.00000000099999999947 0.00000000099999999947 0.00000000099999999947 0.00000000099999999947 
0.00000000099999999951 0.00000000099999999951 0.00000000099999999951 0.00000000099999999951 0.00000000099999999951 0.81617452480557028949 0.00000000099999999951 0.00000000099999999951 0.00000000099999999951 0.18382546219442985613 0.00000000099999999951 0.00000000099999999951 0.00000000099999999951 0.00000000099999999951 0.00000000099999999951 
0.00000000099999999998 0.01756052237287951401 0.06124430158345540998 0.01021571850505805824 0.03571546238367057785 0.45728444433039294736 0.04208847575310058903 0.00731988763460616858 0.00626074213415294019 0.16133119814433857786 0.00000000099999999998 0.00113788676288040192 0.10524242312977616365 0.00080937405685003105 0.09378956120883863434 
0.24354513513458730944 0.00000000099999999996 0.00000000099999999996 0.03222112420969397428 0.00000000099999999996 0.51472683261644580632 0.04567117227421505637 0.03289244134457662561 0.00000000099999999996 0.05522545024731138202 0.00000000099999999996 0.02264925761902340101 0.00000000099999999996 0.04196044405152309087 0.01110813650262316987 
0.00000000099999999978 0.01952867861368881575 0.00000000099999999978 0.00000000099999999978 0.02674241780381898803 0.19002915117681970503 0.00000000099999999978 0.00000000099999999978 0.04147181780338472790 0.45623699472502443619 0.00000000099999999978 0.00000000099999999978 0.16742205201431331618 0.00000000099999999978 0.09856887986295015391 
0.00000000099999999969 0.01578915842883598514 0.00000000099999999969 0.01022832068137383144 0.00000000099999999969 0.78787203794546123437 0.00000000099999999969 0.00000000099999999969 0.00000000099999999969 0.17473459869564961222 0.00000000099999999969 0.00000000099999999969 0.01137587424867945486 0.00000000099999999969 0.00000000099999999969 
0.00711873319963521323 0.04415954998509890456 0.00000000099999999996 0.03775700752522657966 0.05799489438145243037 0.48023920199121822305 0.00819193474594489754 0.07434893313273635562 0.02805935989037377717 0.11925101412568664405 0.00000000099999999996 0.00005158653856692884 0.07394661436791505338 0.00000000099999999996 0.06888116711614516996 
0.08402957086202202108 0.07024366608595335182 0.00679147212212955279 0.02120117397163656658 0.08038707711787561327 0.33174883154590356638 0.06693684706815863916 0.02291978030934486293 0.00000000099999999996 0.10932288912689265559 0.00886828510194919740 0.00000000099999999996 0.04476553529679151017 0.12237457870459472753 0.03041029068674780747 
0.00000000099999999991 0.11263511561806467676 0.03175756328243740240 0.00000000099999999991 0.20383298967492258225 0.10772566640270778149 0.09032167551491780688 0.02034995956960450672 0.02656936572151527565 0.24813782625358155043 0.00000000099999999991 0.00000000099999999991 0.06292804465781010048 0.00000000099999999991 0.09574178830443842714 
0.00000000099999999978 0.02011265653712083004 0.00000000099999999978 0.03404170363518951165 0.00000000099999999978 0.69683926325582268291 0.07807605029936572072 0.00000000099999999978 0.00000000099999999978 0.14522885609006572216 0.00000000099999999978 0.00000000099999999978 0.02570146118243563094 0.00000000099999999978 0.00000000099999999978 
0.00000000099999999981 0.01030873173002221088 0.00000000099999999981 0.00000000099999999981 0.00000000099999999981 0.51839334622866861668 0.07234493487568642578 0.00000000099999999981 0.00000000099999999981 0.21106392520223576925 0.00000000099999999981 0.00000000099999999981 0.03865835459198042195 0.00000000099999999981 0.14923069837140656713 
0.00000000099999999982 0.03637963690633139874 0.00000000099999999982 0.00005834362669752080 0.00000000099999999982 0.71612653644396018215 0.00000000099999999982 0.00000000099999999982 0.02129225714075927769 0.16997579116272426569 0.00000000099999999982 0.00000000099999999982 0.05616742571952746538 0.00000000099999999982 0.00000000099999999982 
0.05403961668666496659 0.00000000099999999990 0.00000000099999999990 0.00000000099999999990 0.11584259626017447131 0.22515830224985225461 0.00000000099999999990 0.01267645789568608988 0.00000000099999999990 0.24139665470041554718 0.00000000099999999990 0.00000000099999999990 0.07603898648450514719 0.10091077750267765656 0.17393660122002388424 
0.00000000099999999991 0.03544027693381752303 0.00000000099999999991 0.00000000099999999991 0.14294717146284449671 0.28600306229329203189 0.00611750678393071113 0.00000000099999999991 0.02543416515169753464 0.32733027479877790933 0.00000000099999999991 0.00000000099999999991 0.05313682719276616173 0.03958757911480415698 0.08400313026806935368 
0.00000000099999999996 0.02210508058793760056 0.09994659331100430588 0.00113941918798946776 0.16109632171400453671 0.11572726405617672629 0.19977053075631345802 0.00000000099999999996 0.05268247759515663764 0.14746985435069581705 0.00437784474085268615 0.00000000099999999996 0.07253462889219995657 0.02766425260866612126 0.09548572919900290279 
0.00060040883086273568 0.03173982742506135935 0.07062428525594034723 0.00000000099999999985 0.17219894674751518027 0.05741624171703704066 0.00000000099999999985 0.02610378502439466425 0.00000000099999999985 0.24354443890820842711 0.00000000099999999985 0.00000000099999999985 0.15020225356198113609 0.00000000099999999985 0.24756980652899920892 
0.00000000099999999993 0.04372853750145959395 0.00000000099999999993 0.00000000099999999993 0.15900104078522314666 0.29378012835656058810 0.06227550109391403327 0.00243930175299595211 0.00000000099999999993 0.30722727010861305974 0.00000000099999999993 0.02696958513136206437 0.08654002948152120234 0.00000000099999999993 0.01803859978835061287 
0.00000000099999999782 0.00000000099999999782 0.00000000099999999782 0.00000000099999999782 0.99999998599999995186 0.00000000099999999782 0.00000000099999999782 0.00000000099999999782 0.00000000099999999782 0.00000000099999999782 0.00000000099999999782 0.00000000099999999782 0.00000000099999999782 0.00000000099999999782 0.00000000099999999782 
0.09533985569634807755 0.00000000099999999989 0.13848324190490959862 0.08111948884312919494 0.00000000099999999989 0.27133662851695139473 0.29811544862843081249 0.07853102190834006235 0.00000000099999999989 0.00000000099999999989 0.00000000099999999989 0.02268529510981995290 0.00000000099999999989 0.01438901239207099683 0.00000000099999999989 
0.00000000099999999926 0.00000000099999999926 0.00000000099999999926 0.00000000099999999926 0.53407848088555676114 0.00000000099999999926 0.00000000099999999926 0.00000000099999999926 0.00000000099999999926 0.00000000099999999926 0.00000000099999999926 0.43484077968482948151 0.00000000099999999926 0.03108072742961399265 0.00000000099999999926 
0.00000000099999999962 0.00000000099999999962 0.00000000099999999962 0.00000000099999999962 0.54067205020870079402 0.00000000099999999962 0.00000000099999999962 0.00000000099999999962 0.00000000099999999962 0.00000000099999999962 0.00000000099999999962 0.43824670215341504642 0.00000000099999999962 0.00960338270848436898 0.01147785392940006699 
0.00000000099999999988 0.10494947338337827503 0.00000000099999999988 0.03160599949437513378 0.34120134235492161068 0.00708087352333587345 0.00000000099999999988 0.00000000099999999988 0.01515369469919754936 0.07573268454225397239 0.00000000099999999988 0.38721509943451210001 0.01627090157794661152 0.00000000099999999988 0.02078992499007887781 
0.04773986053321289252 0.00000000099999999981 0.00000000099999999981 0.04413685589900152167 0.10225927267148142430 0.00000000099999999981 0.06945659940808014687 0.00000000099999999981 0.00000000099999999981 0.00000000099999999981 0.00000000099999999981 0.21687404936952067724 0.00000000099999999981 0.07291982055644674610 0.44661353356225647060 
0.00000000099999999818 0.00000000099999999818 0.00000000099999999818 0.00000000099999999818 0.00000000099999999818 0.00000000099999999818 0.00000000099999999818 0.00000000099999999818 0.00000000099999999818 0.00000000099999999818 0.00000000099999999818 0.00000000099999999818 0.00000000099999999818 0.00000000099999999818 0.99999998599999995186 
0.00000000099999999964 0.01096841943757394418 0.00000000099999999964 0.00000000099999999964 0.06249265550204732844 0.00000000099999999964 0.00000000099999999964 0.00000000099999999964 0.00448622475354111105 0.00000000099999999964 0.00000000099999999964 0.00000000099999999964 0.00000000099999999964 0.00000000099999999964 0.92205268930683759177 
0.00000000099999999786 0.99999998600000017390 0.00000000099999999786 0.00000000099999999786 0.00000000099999999786 0.00000000099999999786 0.00000000099999999786 0.00000000099999999786 0.00000000099999999786 0.00000000099999999786 0.00000000099999999786 0.00000000099999999786 0.00000000099999999786 0.00000000099999999786 0.00000000099999999786 
0.00000000099999999787 0.99999998600000006288 0.00000000099999999787 0.00000000099999999787 0.00000000099999999787 0.00000000099999999787 0.00000000099999999787 0.00000000099999999787 0.00000000099999999787 0.00000000099999999787 0.00000000099999999787 0.00000000099999999787 0.00000000099999999787 0.00000000099999999787 0.00000000099999999787 
0.00000000099999999785 0.99999998600000017390 0.00000000099999999785 0.00000000099999999785 0.00000000099999999785 0.00000000099999999785 0.00000000099999999785 0.00000000099999999785 0.00000000099999999785 0.00000000099999999785 0.00000000099999999785 0.00000000099999999785 0.00000000099999999785 0.00000000099999999785 0.00000000099999999785 
0.02465537040377969308 0.00861287780567999636 0.00000000099999999994 0.00000000099999999994 0.01327484795373646415 0.56548096718881235567 0.23434422239003829813 0.02402733065750343663 0.00000000099999999994 0.00000000099999999994 0.03033399019520899992 0.01291072261187392080 0.00000000099999999994 0.00876618310837413810 0.07759348268499267898 
0.03719378907322241218 0.02547415303401106418 0.00000000099999999996 0.00000000099999999996 0.00446756185259046014 0.65984522380823118493 0.05179284825949032056 0.02488957413225380624 0.00504287147048241690 0.06489963465435033552 0.04823480752112646597 0.04842311001693304362 0.00096793421410607330 0.00000000099999999996 0.02876848896320257504 
0.03779636352367635871 0.02595046965196261962 0.00000000099999999998 0.00819865065894917477 0.00000000099999999998 0.67789508834023348705 0.05541050513941333383 0.01012002642660868486 0.00181671848432464651 0.05897346917882952122 0.06084088760348325270 0.04716093556404395148 0.00000000099999999998 0.00638751659368133086 0.00944936583479372670 
0.00000000099999999995 0.02136992812663505298 0.00000000099999999995 0.00000000099999999995 0.01111172190385154544 0.75150625373360602222 0.04958096335356489137 0.00000000099999999995 0.01628140111146242006 0.04855759235942672808 0.06863905743391751635 0.00625983911673934790 0.00000000099999999995 0.02669323686079633218 0.00000000099999999995 
0.00000000099999999933 0.00000000099999999933 0.00000000099999999933 0.00000000099999999933 0.00000000099999999933 0.99999998600000017390 0.00000000099999999933 0.00000000099999999933 0.00000000099999999933 0.00000000099999999933 0.00000000099999999933 0.00000000099999999933 0.00000000099999999933 0.00000000099999999933 0.00000000099999999933 
0.00000000099999999940 0.00000000099999999940 0.00000000099999999940 0.00000000099999999940 0.00000000099999999940 0.99999998600000017390 0.00000000099999999940 0.00000000099999999940 0.00000000099999999940 0.00000000099999999940 0.00000000099999999940 0.00000000099999999940 0.00000000099999999940 0.00000000099999999940 0.00000000099999999940 
0.00000000099999999730 0.00000000099999999730 0.00000000099999999730 0.00000000099999999730 0.00000000099999999730 0.00000000099999999730 0.00000000099999999730 0.00000000099999999730 0.00000000099999999730 0.00000000099999999730 0.99999998599999972981 0.00000000099999999730 0.00000000099999999730 0.00000000099999999730 0.00000000099999999730 
0.00000000099999999684 0.00000000099999999684 0.00000000099999999684 0.00000000099999999684 0.00000000099999999684 0.00000000099999999684 0.00000000099999999684 0.00000000099999999684 0.00000000099999999684 0.00000000099999999684 0.99999998599999972981 0.00000000099999999684 0.00000000099999999684 0.00000000099999999684 0.00000000099999999684 
0.00000000099999999956 0.00000000099999999956 0.00000000099999999956 0.00000000099999999956 0.00000000099999999956 0.06823570055278743718 0.00000000099999999956 0.00000000099999999956 0.00000000099999999956 0.00000000099999999956 0.93176428644721265293 0.00000000099999999956 0.00000000099999999956 0.00000000099999999956 0.00000000099999999956 
0.00000000099999999760 0.00000000099999999760 0.00000000099999999760 0.00000000099999999760 0.00000000099999999760 0.00000000099999999760 0.00000000099999999760 0.00000000099999999760 0.00000000099999999760 0.00000000099999999760 0.99999998599999972981 0.00000000099999999760 0.00000000099999999760 0.00000000099999999760 0.00000000099999999760 
0.00000000099999999716 0.00000000099999999716 0.00000000099999999716 0.00000000099999999716 0.00000000099999999716 0.00000000099999999716 0.00000000099999999716 0.00000000099999999716 0.00000000099999999716 0.00000000099999999716 0.99999998599999972981 0.00000000099999999716 0.00000000099999999716 0.00000000099999999716 0.00000000099999999716 
0.00000000099999999642 0.00000000099999999642 0.00000000099999999642 0.00000000099999999642 0.00000000099999999642 0.00000000099999999642 0.00000000099999999642 0.00000000099999999642 0.00000000099999999642 0.00000000099999999642 0.99999998599999972981 0.00000000099999999642 0.00000000099999999642 0.00000000099999999642 0.00000000099999999642 
0.00000000099999999643 0.00000000099999999643 0.00000000099999999643 0.00000000099999999643 0.00000000099999999643 0.00000000099999999643 0.00000000099999999643 0.00000000099999999643 0.00000000099999999643 0.00000000099999999643 0.99999998599999972981 0.00000000099999999643 0.00000000099999999643 0.00000000099999999643 0.00000000099999999643 
0.02177981630273690197 0.00000000099999999990 0.05601688016335906739 0.00000000099999999990 0.02850849471043668398 0.39977311564720890980 0.39931649192474155674 0.00203979932109250037 0.06287508540820695158 0.00000000099999999990 0.01564606964820767013 0.01404424087400989694 0.00000000099999999990 0.00000000099999999990 0.00000000099999999990 
0.00000000099999999658 0.00000000099999999658 0.00000000099999999658 0.00000000099999999658 0.00000000099999999658 0.00000000099999999658 0.00000000099999999658 0.00000000099999999658 0.00000000099999999658 0.00000000099999999658 0.99999998599999972981 0.00000000099999999658 0.00000000099999999658 0.00000000099999999658 0.00000000099999999658 
0.00000000099999999680 0.00000000099999999680 0.00000000099999999680 0.00000000099999999680 0.00000000099999999680 0.00000000099999999680 0.00000000099999999680 0.00000000099999999680 0.00000000099999999680 0.00000000099999999680 0.99999998599999972981 0.00000000099999999680 0.00000000099999999680 0.00000000099999999680 0.00000000099999999680 
0.00000000099999999684 0.00000000099999999684 0.00000000099999999684 0.00000000099999999684 0.00000000099999999684 0.00000000099999999684 0.00000000099999999684 0.00000000099999999684 0.00000000099999999684 0.00000000099999999684 0.99999998599999972981 0.00000000099999999684 0.00000000099999999684 0.00000000099999999684 0.00000000099999999684 
0.00000000099999999707 0.00000000099999999707 0.00000000099999999707 0.00000000099999999707 0.00000000099999999707 0.00000000099999999707 0.00000000099999999707 0.00000000099999999707 0.00000000099999999707 0.00000000099999999707 0.99999998599999972981 0.00000000099999999707 0.00000000099999999707 0.00000000099999999707 0.00000000099999999707 
