0.99999999799999994554 0.00000000099999999964 0.00000000099999999964 
0.99999999800000005656 0.00000000099999999965 0.00000000099999999965 
0.99999999800000005656 0.00000000099999999964 0.00000000099999999964 
0.01324630225915625695 0.04141790884038781817 0.94533578890045599774 
0.29925080520781627280 0.02614409716308974466 0.67460509762909393050 
0.99999999800000005656 0.00000000099999999961 0.00000000099999999961 
0.99999999799999994554 0.00000000099999999961 0.00000000099999999961 
0.99999999800000005656 0.00000000099999999957 0.00000000099999999957 
0.99999999800000005656 0.00000000099999999965 0.00000000099999999965 
0.99999999800000005656 0.00000000099999999966 0.00000000099999999966 
0.99999999799999994554 0.00000000099999999955 0.00000000099999999955 
0.05747895021376837194 0.00000000099999999991 0.94252104878623177431 
0.05826803210839399255 0.00000000099999999991 0.94173196689160598716 
0.12691675395370408119 0.00000000099999999991 0.87308324504629597484 
0.02303075853352925043 0.00000000099999999991 0.97696924046647071194 
0.13276026370706872637 0.00000000099999999992 0.86723973529293119089 
0.05877407100861555683 0.00000000099999999990 0.94122592799138438124 
0.06688491004087292191 0.00000000099999999991 0.93311508895912698147 
0.13300022083892396041 0.00000000099999999991 0.86699977816107598461 
0.09521966344264815030 0.00000000099999999992 0.90478033555735193350 
0.14041883896750723126 0.00000000099999999993 0.85958116003249274151 
0.12768582798669952938 0.00000000099999999991 0.87231417101330055441 
0.06937863794521531569 0.00000000099999999991 0.93062136105478465709 
0.09093226413422531018 0.00000000099999999991 0.90906773486577474586 
0.05903098226610280913 0.00000000099999999991 0.94096901673389721221 
0.05872165432278284025 0.00000000099999999991 0.94127834467721727130 
0.04465379957673781819 0.00000000099999999991 0.95534619942326215458 
0.66002268517955375859 0.00000000099999999995 0.33997731382044632520 
0.18927037677573885222 0.00175764383673372520 0.80897197938752729574 
0.24678192331627260558 0.00000000099999999997 0.75321807568372745045 
0.20498736727300231886 0.00000000099999999999 0.79501263172699776494 
0.00000000099999999996 0.00000000099999999996 0.99999999800000005656 
0.00000000099999999997 0.00000000099999999997 0.99999999799999994554 
0.67627152622265029880 0.00000000099999999991 0.32372847277734961846 
0.00000000099999999997 0.00000000099999999997 0.99999999800000005656 
0.00000000099999999997 0.00000000099999999997 0.99999999800000005656 
0.13580044596591323014 0.08710733049318127030 0.77709222354090556895 
0.07280134432361994035 0.05916760935049408809 0.86803104632588601319 
0.05168420719385167367 0.05790583859487322821 0.89040995421127511200 
0.07493422347714645548 0.04790893813972729731 0.87715683838312630272 
0.03186082564453287386 0.06464574176956307261 0.90349343258590408823 
0.05359556586992714894 0.03934424757939380957 0.90706018655067910395 
0.09947745068566074544 0.05688627394781000518 0.84363627536652918693 
0.06758426136697412434 0.04581482583157216876 0.88660091280145369996 
0.07424189773403418180 0.05874669641610162640 0.86701140584986413629 
0.01706572476413685535 0.02162716525312642982 0.96130710998273671830 
0.04112995701326511294 0.00816147006283446212 0.95070857292390043014 
0.16866606062519678977 0.20215980993936438770 0.62917412943543893356 
0.21102023268807582057 0.16069885959038326950 0.62828090772154099319 
0.18168004410238822177 0.19083963033276737931 0.62748032556484445443 
0.15240827248406418892 0.17874515520335410024 0.66884657231258182186 
0.13863659926600216399 0.17816252605694432587 0.68320087467705359341 
0.17291220485189509604 0.00000000099999999999 0.82708779414810496000 
0.29734765051395234403 0.00000000099999999997 0.70265234848604773976 
0.24618392011307799194 0.00000000099999999999 0.75381607888692192532 
0.22632026741996735808 0.00438341385134329974 0.76929631872868931008 
0.25868163145556472005 0.00000000099999999998 0.74131836754443536375 
0.42718420978250609688 0.00000000099999999999 0.57281578921749387590 
0.19080348940316435580 0.00000000099999999999 0.80919650959683553371 
0.53658874232118836112 0.02229218308923935216 0.44111907458957239081 
0.41336825468784377247 0.02849778831994521922 0.55813395699221113322 
0.55807893045402690024 0.03033263751519907347 0.41158843203077410955 
0.16440484643690572719 0.02155427141305166563 0.81404088215004266615 
0.12531797824950033360 0.00805266383774822479 0.86662935791275141906 
0.00832258698897992040 0.01185912942352785812 0.97981828358749223362 
0.05835250629571726161 0.02316779321193038893 0.91847970049235228007 
0.01939995896827599250 0.03668141217377313135 0.94391862885795085880 
0.16130641444706125820 0.07147401057391718215 0.76721957497902149026 
0.12633263537709552016 0.05594427291384750089 0.81772309170905699283 
0.07921568162566249016 0.05331758688643140065 0.86746673148790609531 
0.06439696808925099436 0.06880989211927816818 0.86679313979147076807 
0.07188988531167742058 0.04709833736867075071 0.88101177731965185647 
0.25360748425709561671 0.07053288865606935354 0.67585962708683511302 
0.00665290107066054265 0.00960387351241803224 0.98374322541692149624 
0.07470571089499146444 0.07142064454050132960 0.85387364456450720596 
0.10248084717750860495 0.04963085596745955147 0.84788829685503186440 
0.20919007726089247634 0.05541388895000546461 0.73539603378910201048 
0.06011058868493314444 0.00812315317800788896 0.93176625813705904466 
0.05379128165259277478 0.07502163296401605230 0.87118708538339129088 
0.05213780688489414589 0.04801345755153912237 0.89984873556356670399 
0.07875610661440346494 0.04520291125544057681 0.87604098213015602070 
0.20487008163856906817 0.02311760432999903150 0.77201231403143188992 
0.08078691126560402780 0.01843367806495834968 0.90077941066943767456 
0.05016521263493416843 0.02463249471636607540 0.92520229264869979779 
0.04918661266616301125 0.00000000099999999999 0.95081338633383705172 
0.07596958225720677749 0.02297498299799731469 0.90105543474479588006 
0.23576998199508863996 0.00000000099999999994 0.76423001700491122179 
0.14863967882651799024 0.05387803169558870453 0.79748228947789323584 
0.62944048741119984491 0.00000000099999999994 0.37055951158880034990 
0.56538129755617283489 0.00000000099999999995 0.43461870144382730441 
0.48727304228929690932 0.00000000099999999995 0.51272695671070311896 
0.42186028730795993580 0.00000000099999999997 0.57813971169204014799 
0.18372483036751588448 0.00000000099999999997 0.81627516863248417156 
0.21082249288341681215 0.00000000099999999998 0.78917750611658321613 
0.01505346276454617993 0.00000000099999999992 0.98494653623545391774 
0.01690420508312365580 0.00000000099999999991 0.98309579391687640371 
0.01336964107716402672 0.00000000099999999992 0.98663035792283593217 
0.12957914196579645161 0.11840142777229635540 0.75201943026190709585 
0.15822640070358592879 0.14436059855078312020 0.69741300074563095102 
0.15248855024484692100 0.15872168637303141203 0.68878976338212172248 
0.11387114971145753661 0.16836317583761001293 0.71776567445093242270 
0.12631416762205360804 0.18341383698112700973 0.69027199539681938223 
0.11534192048967818744 0.16653290807276679986 0.71812517143755505433 
0.00000000099999999961 0.99999999800000005656 0.00000000099999999961 
0.00000000099999999955 0.99999999799999994554 0.00000000099999999955 
0.00038672929762666018 0.96188677988360615778 0.03772649081876727761 
0.00000000099999999965 0.99999999799999994554 0.00000000099999999965 
0.00000000099999999959 0.99999999799999994554 0.00000000099999999959 
0.00000000099999999949 0.99999999799999994554 0.00000000099999999949 
0.00000000099999999949 0.99999999799999994554 0.00000000099999999949 
0.07401383400270013235 0.08168166365195544953 0.84430450234534437648 
0.00000000099999999951 0.99999999800000005656 0.00000000099999999951 
0.00000000099999999954 0.99999999800000005656 0.00000000099999999954 
0.00000000099999999955 0.99999999799999994554 0.00000000099999999955 
0.00000000099999999958 0.99999999800000005656 0.00000000099999999958 
0.00000000099999999948 0.99999999800000005656 0.00000000099999999948 
0.00000000099999999950 0.99999999799999994554 0.00000000099999999950 
0.08579844143773281140 0.03917377884312715081 0.87502777971914003086 
0.06402115335254736361 0.04942171191733366747 0.88655713473011898973 
0.15350058145044620517 0.05958755135513722767 0.78691186719441663655 
0.09278012893448098208 0.05246547520191267855 0.85475439586360635325 
0.12264852488468049041 0.03657586369280024091 0.84077561142251922011 
0.15411149054009679049 0.06126476066010668603 0.78462374879979646103 
0.11804236727082094427 0.04110684984642827555 0.84085078288275072467 
0.12714780742788725498 0.06681033568214915508 0.80604185688996354830 
0.14688383753158465450 0.05936045204797624902 0.79375571042043913117 
0.17740955460109977815 0.06394402533302638580 0.75864642006587390544 
0.16011864615299190029 0.05566683042276247134 0.78421452342424569082 
0.17780645322916732720 0.06488790119480496166 0.75730564557602775277 
0.02147930632425571959 0.04505003825221583907 0.93347065542352847256 
0.05484140065819533699 0.02816521454984429254 0.91699338479196035312 
0.01028158629954214857 0.00000046878889534176 0.98971794491156261930 
0.08993756549051290516 0.00713083283638248945 0.90293160167310448916 
0.01857736061312779963 0.00000000099999999999 0.98142263838687215927 
0.01361422096001480009 0.02377891719452319280 0.96260686184546206956 
0.01207226809364740638 0.01682056769092624485 0.97110716421542642163 
0.02146615675685878410 0.02132035413003686292 0.95721348911310433216 
0.00903606003682936275 0.03422207589059409610 0.95674186407257655329 
0.02019297988257888476 0.02084765801376773850 0.95895936210365340102 
0.00000000100000000000 0.01688596776035095059 0.98311403123964902218 
0.01765355157194470337 0.01736987389185029942 0.96497657453620500068 
0.01459522486399664372 0.00528508085330078869 0.98011969428270251381 
0.00000000099999999995 0.00000000099999999995 0.99999999800000005656 
0.00000000099999999993 0.00000000099999999993 0.99999999799999994554 
0.00000000099999999999 0.00636810398845980008 0.99363189501154014494 
0.00000000099999999991 0.00000000099999999991 0.99999999800000005656 
0.00724730811654491439 0.01210344679538968675 0.98064924508806539105 
0.00308595536073019532 0.02052642600809697487 0.97638761863117284889 
0.00000000099999999995 0.00000000099999999995 0.99999999799999994554 
0.00000000099999999988 0.00000000099999999988 0.99999999800000005656 
0.06160701084709958864 0.04409660209254390867 0.89429638706035652351 
0.09626740544932904653 0.05899476708085337612 0.84473782746981762592 
0.03133556953603388456 0.05580025240370992817 0.91286417806025621502 
0.09182144779900633380 0.03526113533984186199 0.87291741686115176257 
0.04616501296223970291 0.04505087903109404601 0.90878410800666620251 
0.00882076013682835808 0.00000000099999999999 0.99117923886317160775 
0.02869447423718405471 0.01772697905834013862 0.95357854670447572687 
0.08312236256703077475 0.05878754105996730067 0.85809009637300204254 
0.87199483187483284308 0.00000000099999999994 0.12800516712516718520 
0.99999999799999994554 0.00000000099999999951 0.00000000099999999951 
0.99999999800000005656 0.00000000099999999950 0.00000000099999999950 
0.16798546626410845728 0.01150480843639265123 0.82050972529949894874 
0.20118221019208054612 0.00401752807602795328 0.79480026173189144423 
0.32372322517866336522 0.03639672330540801026 0.63988005151592874942 
0.09179367377243945192 0.03902460163170911461 0.86918172459585152367 
0.09070274639136781392 0.03653011319960230291 0.87276714040902991787 
0.09215078888280088532 0.03575980016847381954 0.87208941094872527433 
0.10001033197815789588 0.05953000946278235589 0.84045965855905968578 
0.04203377416910289432 0.01593639770259470609 0.94202982812830238224 
0.00000000100000000000 0.01282045112668052031 0.98717954787331940736 
0.03648962695476568041 0.01032066841879709235 0.95318970462643726194 
0.04142863538956444158 0.03350736869738525636 0.92506399591305032981 
0.04025002189820432036 0.04747897641011334519 0.91227100169168240384 
0.02691581705993218929 0.02395273430864557421 0.94913144863142229202 
0.02078834209341359762 0.03311881553158155245 0.94609284237500490544 
0.03145926366688822640 0.04951508513847618920 0.91902565119463563992 
0.00000000099999999997 0.00923834549197491070 0.99076165350802514187 
0.00000000099999999996 0.00606987376025724164 0.99393012523974266781 
0.00000000099999999997 0.00831902454307535850 0.99168097445692471315 
0.00000000099999999998 0.01573382053001544725 0.98426617846998443184 
0.00000000099999999987 0.00000000099999999987 0.99999999800000005656 
0.00000000099999999992 0.00000000099999999992 0.99999999800000005656 
0.00000000099999999990 0.00000000099999999990 0.99999999799999994554 
0.00000000099999999995 0.00000000099999999995 0.99999999800000005656 
0.07977096748543506533 0.01014616796269819654 0.91008286455186682140 
0.00000000099999999987 0.00000000099999999987 0.99999999800000005656 
0.00000000099999999989 0.00000000099999999989 0.99999999799999994554 
0.00353109162205249988 0.00000000100000000000 0.99646890737794746595 
0.00280063432762996199 0.00207027695589251251 0.99512908871647753895 
0.57315276163388906294 0.00737797501351181249 0.41946926335259920871 
0.15889999839386145797 0.06201816264011898033 0.77908183896601956864 
0.34953462126956114098 0.02564851322334806005 0.62481686550709070183 
0.48595483750166668102 0.00658524451691717364 0.50745991798141620865 
0.12488229734601120902 0.04041865210749286119 0.83469905054649595755 
0.49775095663616708563 0.01688143168253500304 0.48536761168129793909 
0.00000000099999999986 0.00000000099999999986 0.99999999799999994554 
0.00000000099999999985 0.00000000099999999985 0.99999999800000005656 
0.01411014833012640482 0.00705049509599346529 0.97883935657388010387 
0.00000000099999999987 0.00000000099999999987 0.99999999799999994554 
0.00000000099999999992 0.00000000099999999992 0.99999999799999994554 
0.00000000099999999993 0.00000000099999999993 0.99999999800000005656 
0.06699305531150880066 0.00995922584322780913 0.92304771884526337633 
0.00000000099999999984 0.00000000099999999984 0.99999999799999994554 
0.00000000099999999987 0.00000000099999999987 0.99999999799999994554 
0.00000000099999999986 0.00000000099999999986 0.99999999799999994554 
0.06116704555260175924 0.02388195956520786090 0.91495099488219044925 
0.04715127645822293767 0.05667076705499556749 0.89617795648678155729 
0.04383464363877835612 0.03370362228488400780 0.92246173407633769159 
0.04539911204113132592 0.04565358230216107205 0.90894730565670756040 
0.42626301634634428117 0.02861858389729943913 0.54511839975635634215 
0.28141694616459433931 0.01523310279701897869 0.70334995103838671149 
0.19724797509732824863 0.00496096273541337882 0.79779106216725836909 
0.61028676863557995702 0.00000000099999999998 0.38971323036442007126 
0.35770877600910089278 0.00000000099999999997 0.64229122299089902448 
0.48310430225143563554 0.00234809395119310897 0.51454760379737130016 
0.58649415457723630407 0.01300628560336600410 0.40049955981939766581 
0.14427606432975842443 0.01448674043290833907 0.84123719523733320180 
0.62728995392375130891 0.00796063067621596149 0.36474941540003269491 
0.56419982837066551262 0.01239874732207027312 0.42340142430726424028 
0.00000000099999999986 0.00000000099999999986 0.99999999800000005656 
0.00000000099999999989 0.00000000099999999989 0.99999999799999994554 
0.54276113638761669389 0.00000000099999999999 0.45723886261238338991 
0.52284562119715971562 0.01116777180782058468 0.46598660699501975868 
0.00000000099999999987 0.00000000099999999987 0.99999999800000005656 
0.00000000099999999996 0.00000000099999999996 0.99999999799999994554 
0.00000000099999999998 0.00842663414021435284 0.99157336485978575524 
0.00000000099999999990 0.00000000099999999990 0.99999999800000005656 
0.00000000099999999991 0.00000000099999999991 0.99999999799999994554 
0.00000000099999999995 0.00000000099999999995 0.99999999800000005656 
0.00000000099999999988 0.00000000099999999988 0.99999999800000005656 
0.00000000099999999995 0.00000000099999999995 0.99999999799999994554 
0.00000000099999999995 0.00000000099999999995 0.99999999800000005656 
0.02093515473553006837 0.01760159397891912503 0.96146325128555076844 
0.00000000099999999997 0.00000000099999999997 0.99999999800000005656 
0.00000000099999999989 0.00000000099999999989 0.99999999800000005656 
0.00000000099999999987 0.00000000099999999987 0.99999999800000005656 
0.00000000099999999994 0.00000000099999999994 0.99999999800000005656 
0.00000000099999999987 0.00000000099999999987 0.99999999800000005656 
0.00000000099999999999 0.00234570808298902424 0.99765429091701107733 
0.00643653308630625157 0.01016526939872066521 0.98339819751497303812 
0.00102682585922332973 0.00000000100000000000 0.99897317314077660466 
0.00000000099999999998 0.00637569803068719666 0.99362430096931286805 
0.00000000100000000000 0.00432064436846167719 0.99567935463153822706 
0.00000000099999999987 0.00000000099999999987 0.99999999799999994554 
0.00000000099999999989 0.00000000099999999989 0.99999999800000005656 
0.00000000099999999991 0.00000000099999999991 0.99999999799999994554 
0.00000000099999999992 0.00000000099999999992 0.99999999799999994554 
0.00000000099999999992 0.00000000099999999992 0.99999999799999994554 
0.00000000099999999997 0.00480121559810927148 0.99519878340189071864 
0.00000000099999999993 0.00000000099999999993 0.99999999800000005656 
0.00000000099999999988 0.00000000099999999988 0.99999999799999994554 
0.00374167746961817605 0.00000000099999999998 0.99625832153038185179 
0.30664956850723296133 0.07512508627806066541 0.61822534521470640101 
0.31569511962340029987 0.06142942884977344725 0.62287545152682621818 
0.30897971273064023245 0.05667190265970418334 0.63434838460965559115 
0.31335387340675374679 0.06324751568459578699 0.62339861090865056337 
0.31328249855314393990 0.06970264000868663101 0.61701486143816941521 
0.29832800318548674534 0.07336126602898808413 0.62831073078552523992 
0.30691162013919520701 0.07418535798072881104 0.61890302188007595419 
0.32356060208913539622 0.06027173345520950992 0.61616766445565507304 
0.31027487262106906440 0.06028954909328582135 0.62943557828564511425 
0.31516504277875961870 0.05396802869474561642 0.63086692852649484120 
0.99999999799999994554 0.00000000099999999965 0.00000000099999999965 
0.99999999799999994554 0.00000000099999999962 0.00000000099999999962 
0.99999999799999994554 0.00000000099999999954 0.00000000099999999954 
0.99999999799999994554 0.00000000099999999954 0.00000000099999999954 
0.99999999800000005656 0.00000000099999999954 0.00000000099999999954 
0.99999999800000005656 0.00000000099999999954 0.00000000099999999954 
0.99999999800000005656 0.00000000099999999955 0.00000000099999999955 
0.87164446963709363292 0.00000000099999999994 0.12835552936290639536 
