0.00000000099999999738 0.99999999100000003249 0.00000000099999999738 0.00000000099999999738 0.00000000099999999738 0.00000000099999999738 0.00000000099999999738 0.00000000099999999738 0.00000000099999999738 0.00000000099999999738 
0.00000000099999999739 0.99999999099999992147 0.00000000099999999739 0.00000000099999999739 0.00000000099999999739 0.00000000099999999739 0.00000000099999999739 0.00000000099999999739 0.00000000099999999739 0.00000000099999999739 
0.00000000099999999738 0.99999999100000003249 0.00000000099999999738 0.00000000099999999738 0.00000000099999999738 0.00000000099999999738 0.00000000099999999738 0.00000000099999999738 0.00000000099999999738 0.00000000099999999738 
0.24101495711893383689 0.00000000099999999998 0.39624222019191596145 0.00000000099999999998 0.36273552314697327104 0.00000000099999999998 0.00000000099999999998 0.00000000099999999998 0.00000000099999999998 0.00000729354217719165 
0.33327684611393110226 0.00000000099999999998 0.38944825627315138306 0.00000000099999999998 0.27726182550083339207 0.00000000099999999998 0.00000000099999999998 0.00000000099999999998 0.00000000099999999998 0.00001306611208419375 
0.00000000099999999848 0.99999999100000014352 0.00000000099999999848 0.00000000099999999848 0.00000000099999999848 0.00000000099999999848 0.00000000099999999848 0.00000000099999999848 0.00000000099999999848 0.00000000099999999848 
0.00000000099999999826 0.99999999100000003249 0.00000000099999999826 0.00000000099999999826 0.00000000099999999826 0.00000000099999999826 0.00000000099999999826 0.00000000099999999826 0.00000000099999999826 0.00000000099999999826 
0.00000000099999999841 0.99999999100000003249 0.00000000099999999841 0.00000000099999999841 0.00000000099999999841 0.00000000099999999841 0.00000000099999999841 0.00000000099999999841 0.00000000099999999841 0.00000000099999999841 
0.00000000099999999763 0.99999999099999992147 0.00000000099999999763 0.00000000099999999763 0.00000000099999999763 0.00000000099999999763 0.00000000099999999763 0.00000000099999999763 0.00000000099999999763 0.00000000099999999763 
0.00000000099999999771 0.99999999099999992147 0.00000000099999999771 0.00000000099999999771 0.00000000099999999771 0.00000000099999999771 0.00000000099999999771 0.00000000099999999771 0.00000000099999999771 0.00000000099999999771 
0.00000000099999999761 0.99999999100000003249 0.00000000099999999761 0.00000000099999999761 0.00000000099999999761 0.00000000099999999761 0.00000000099999999761 0.00000000099999999761 0.00000000099999999761 0.00000000099999999761 
0.99999999099999992147 0.00000000099999999739 0.00000000099999999739 0.00000000099999999739 0.00000000099999999739 0.00000000099999999739 0.00000000099999999739 0.00000000099999999739 0.00000000099999999739 0.00000000099999999739 
0.99999999099999992147 0.00000000099999999771 0.00000000099999999771 0.00000000099999999771 0.00000000099999999771 0.00000000099999999771 0.00000000099999999771 0.00000000099999999771 0.00000000099999999771 0.00000000099999999771 
0.99999999099999992147 0.00000000099999999743 0.00000000099999999743 0.00000000099999999743 0.00000000099999999743 0.00000000099999999743 0.00000000099999999743 0.00000000099999999743 0.00000000099999999743 0.00000000099999999743 
0.99999999100000003249 0.00000000099999999753 0.00000000099999999753 0.00000000099999999753 0.00000000099999999753 0.00000000099999999753 0.00000000099999999753 0.00000000099999999753 0.00000000099999999753 0.00000000099999999753 
0.86537343810434841362 0.06869976751214890154 0.00000000099999999963 0.00000000099999999963 0.00000000099999999963 0.00000000099999999963 0.00000000099999999963 0.06592678738350289669 0.00000000099999999963 0.00000000099999999963 
0.99999999099999992147 0.00000000099999999760 0.00000000099999999760 0.00000000099999999760 0.00000000099999999760 0.00000000099999999760 0.00000000099999999760 0.00000000099999999760 0.00000000099999999760 0.00000000099999999760 
0.99999999099999992147 0.00000000099999999750 0.00000000099999999750 0.00000000099999999750 0.00000000099999999750 0.00000000099999999750 0.00000000099999999750 0.00000000099999999750 0.00000000099999999750 0.00000000099999999750 
0.99999999099999992147 0.00000000099999999739 0.00000000099999999739 0.00000000099999999739 0.00000000099999999739 0.00000000099999999739 0.00000000099999999739 0.00000000099999999739 0.00000000099999999739 0.00000000099999999739 
0.99999999100000003249 0.00000000099999999743 0.00000000099999999743 0.00000000099999999743 0.00000000099999999743 0.00000000099999999743 0.00000000099999999743 0.00000000099999999743 0.00000000099999999743 0.00000000099999999743 
0.99999999099999992147 0.00000000099999999741 0.00000000099999999741 0.00000000099999999741 0.00000000099999999741 0.00000000099999999741 0.00000000099999999741 0.00000000099999999741 0.00000000099999999741 0.00000000099999999741 
0.99999999100000003249 0.00000000099999999741 0.00000000099999999741 0.00000000099999999741 0.00000000099999999741 0.00000000099999999741 0.00000000099999999741 0.00000000099999999741 0.00000000099999999741 0.00000000099999999741 
0.99999999099999992147 0.00000000099999999749 0.00000000099999999749 0.00000000099999999749 0.00000000099999999749 0.00000000099999999749 0.00000000099999999749 0.00000000099999999749 0.00000000099999999749 0.00000000099999999749 
0.99999999100000003249 0.00000000099999999751 0.00000000099999999751 0.00000000099999999751 0.00000000099999999751 0.00000000099999999751 0.00000000099999999751 0.00000000099999999751 0.00000000099999999751 0.00000000099999999751 
0.99999999100000003249 0.00000000099999999759 0.00000000099999999759 0.00000000099999999759 0.00000000099999999759 0.00000000099999999759 0.00000000099999999759 0.00000000099999999759 0.00000000099999999759 0.00000000099999999759 
0.99999999099999992147 0.00000000099999999740 0.00000000099999999740 0.00000000099999999740 0.00000000099999999740 0.00000000099999999740 0.00000000099999999740 0.00000000099999999740 0.00000000099999999740 0.00000000099999999740 
0.99999999099999992147 0.00000000099999999739 0.00000000099999999739 0.00000000099999999739 0.00000000099999999739 0.00000000099999999739 0.00000000099999999739 0.00000000099999999739 0.00000000099999999739 0.00000000099999999739 
0.00000000099999999961 0.65789138901124855074 0.00000000099999999961 0.00000000099999999961 0.00000000099999999961 0.28112580966884481715 0.06098279431990671906 0.00000000099999999961 0.00000000099999999961 0.00000000099999999961 
0.14117804557160518186 0.00000000099999999997 0.00000000099999999997 0.02297056055819809636 0.07604442850556085431 0.01699034927519017801 0.00000000099999999997 0.49043456552803427195 0.20296672333824739010 0.04941532422316403245 
0.00000000099999999948 0.03999876470360443081 0.00000000099999999948 0.00000000099999999948 0.00000000099999999948 0.93537305544867499485 0.02462817284772049128 0.00000000099999999948 0.00000000099999999948 0.00000000099999999948 
0.05165936458771309969 0.03085859781003500932 0.00390595370855656172 0.02352149178524652259 0.06674722497905102858 0.38799840097098542424 0.04397860328408498276 0.25380804742220047787 0.07580124556057771246 0.06172106989154903245 
0.00000000099999999838 0.00000000099999999838 0.00000000099999999838 0.00000000099999999838 0.00000000099999999838 0.99999999100000003249 0.00000000099999999838 0.00000000099999999838 0.00000000099999999838 0.00000000099999999838 
0.00000000099999999862 0.00000000099999999862 0.00000000099999999862 0.00000000099999999862 0.00000000099999999862 0.99999999099999992147 0.00000000099999999862 0.00000000099999999862 0.00000000099999999862 0.00000000099999999862 
0.06204988446839754951 0.00000000099999999970 0.00000000099999999970 0.00000000099999999970 0.00000000099999999970 0.03570502347884121908 0.00000000099999999970 0.90224508505276135306 0.00000000099999999970 0.00000000099999999970 
0.00000000099999999856 0.00000000099999999856 0.00000000099999999856 0.00000000099999999856 0.00000000099999999856 0.99999999100000003249 0.00000000099999999856 0.00000000099999999856 0.00000000099999999856 0.00000000099999999856 
0.00000000099999999860 0.00000000099999999860 0.00000000099999999860 0.00000000099999999860 0.00000000099999999860 0.99999999100000003249 0.00000000099999999860 0.00000000099999999860 0.00000000099999999860 0.00000000099999999860 
0.01830979936498125862 0.10605578397084204634 0.05283366123280983095 0.05489760694627085491 0.26812100590869103467 0.25432932296427657182 0.06298724445314422826 0.00000000099999999998 0.14216328226973826143 0.04030229188924588923 
0.08119989836621759050 0.03076410872543059588 0.05492849598272071809 0.01783288383340197319 0.00000000099999999995 0.02233442305089816324 0.01827055436036777863 0.20429178794402602648 0.14575640490143018657 0.42462144183550698529 
0.06991973773024205696 0.02829851251468152099 0.14047415973434659864 0.07073951237284134552 0.11105084763287959015 0.19699335520906763319 0.03059035365597239514 0.06039748955133818903 0.19618848558365178936 0.09534754601497891224 
0.04852460548727049322 0.02246056447927794950 0.09126459883286706931 0.03447700299910977373 0.06562867960879442686 0.24176638340206238476 0.02721139161575582971 0.09768006316445196346 0.16645666696810840213 0.20453004344230174549 
0.01317714389191282018 0.01412793287687100219 0.00000000099999999999 0.07628077886071056579 0.15286922319804890913 0.09433981078864325798 0.02167020995971266281 0.14561944356670727951 0.29593577954198679869 0.18597967631540668343 
0.00039583441654180449 0.07293740985063165705 0.00017838592573474091 0.03916032289540273548 0.08197252515351750868 0.35018923549879132917 0.02065589988957814913 0.03227121271314201123 0.23251882956952441006 0.16972034408713565501 
0.02012953293998006113 0.01151716775942459095 0.05460809208395495107 0.02342735960528519873 0.14874183806288898690 0.03051879819613797021 0.00000000099999999997 0.06191444833527282032 0.45292879120917095559 0.19621397080788444134 
0.01163934467894476785 0.03800180172327109751 0.02794103842461467119 0.04738826437898537025 0.12085794716013509298 0.48853081073256127143 0.00605690068468402957 0.01968881366356036583 0.18484134638910032500 0.05505373216414305437 
0.00000000099999999994 0.02472958495240131296 0.00000000099999999994 0.04591908342544170213 0.19131799747371822096 0.10003887126950654352 0.00000000099999999994 0.13200063733677960820 0.15246705823911441136 0.35352676430303808797 
0.07336745910642131219 0.00000000099999999950 0.35259635317619936190 0.00000000099999999950 0.00000000099999999950 0.00000000099999999950 0.00000000099999999950 0.30241984562057505626 0.00000000099999999950 0.27161633609680407853 
0.00000000099999999905 0.90606088458465183777 0.00000000099999999905 0.00000000099999999905 0.00000000099999999905 0.07234830828189539598 0.02159080013345282545 0.00000000099999999905 0.00000000099999999905 0.00000000099999999905 
0.03418236495419875454 0.02239199144748597534 0.00000000099999999999 0.14583933243910354727 0.34702341348557785849 0.11364943305194026568 0.00396287123570817062 0.02387879150104240886 0.30907179988494309919 0.00000000099999999999 
0.03424376093597317205 0.03524597954103487335 0.00000000099999999998 0.13939798830545047092 0.31819383404390721992 0.10601952074224593736 0.02211986827667493730 0.02449893551821415161 0.32028011063649930446 0.00000000099999999998 
0.03192598989474291354 0.03152960450352881860 0.00000000099999999998 0.14079820796167313857 0.33145825187710309390 0.11417468205351380406 0.00734164174916979509 0.02393434896765445768 0.31552625157768837694 0.00331102041492553276 
0.02295859874592143246 0.03726315958783812943 0.00000000099999999999 0.15286023910584445318 0.20482284335083691951 0.15864854218952045839 0.02043725474908910864 0.10706361992588167564 0.29594574031047704565 0.00000000103459073238 
0.03041426606781116870 0.03981360380215520633 0.00000000099999999997 0.13948849433285967492 0.16772034339369909506 0.29718463159559010967 0.09467964405465011113 0.07838683234025349555 0.15231217922342724092 0.00000000418955377849 
0.01912454475931265468 0.00000000099999999960 0.00000000099999999960 0.00000000099999999960 0.09168223827640732682 0.00000000099999999960 0.00000000099999999960 0.82120529359052163443 0.03898685556666679763 0.02900106280709157866 
0.03396368991519585490 0.00000000099999999944 0.00000000099999999944 0.00000000099999999944 0.16437748770649554531 0.00000000099999999944 0.00000000099999999944 0.80165881537830874226 0.00000000099999999944 0.00000000099999999944 
0.00000000099999999969 0.41966372977966726054 0.00000000099999999969 0.00000000099999999969 0.07043245412520017512 0.07695117898510935028 0.00000000099999999969 0.43295263111002302292 0.00000000099999999969 0.00000000099999999969 
0.03710076683358452115 0.00000000099999999943 0.00000000099999999943 0.00000000099999999943 0.18968584962028162133 0.00000000099999999943 0.00000000099999999943 0.77321337654613386814 0.00000000099999999943 0.00000000099999999943 
0.00000000099999999855 0.87351421431972553489 0.00000000099999999855 0.00000000099999999855 0.00000000099999999855 0.12648577768027452484 0.00000000099999999855 0.00000000099999999855 0.00000000099999999855 0.00000000099999999855 
0.00000000099999999907 0.00000000099999999907 0.00000000099999999907 0.00000000099999999907 0.00000000099999999907 0.00000000099999999907 0.00000000099999999907 0.99999999100000003249 0.00000000099999999907 0.00000000099999999907 
0.01730476484527493711 0.15398258625601826677 0.00000000099999999958 0.00000000099999999958 0.00000000099999999958 0.00000000099999999958 0.00000000099999999958 0.82871264189870674777 0.00000000099999999958 0.00000000099999999958 
0.00000000099999999964 0.66547918557869967238 0.00000000099999999964 0.00000000099999999964 0.00000000099999999964 0.20467351395579075346 0.12984729346550963336 0.00000000099999999964 0.00000000099999999964 0.00000000099999999964 
0.00000000099999999960 0.00000000099999999960 0.07455729816714051772 0.00000000099999999960 0.78421240984608009406 0.00000000099999999960 0.00000000099999999960 0.00000000099999999960 0.14123028498677941966 0.00000000099999999960 
0.00000000099999999963 0.00000000099999999963 0.00000000099999999963 0.00000000099999999963 0.45116841340462243704 0.00000000099999999963 0.00000000099999999963 0.51471728078966172415 0.00000000099999999963 0.03411429880571588413 
0.00000000099999999897 0.00000000099999999897 0.00000000099999999897 0.00000000099999999897 0.99999999099999992147 0.00000000099999999897 0.00000000099999999897 0.00000000099999999897 0.00000000099999999897 0.00000000099999999897 
0.00000000099999999956 0.04622481633678655194 0.00000000099999999956 0.00000000099999999956 0.00000000099999999956 0.93927918610034311087 0.01449599056287052302 0.00000000099999999956 0.00000000099999999956 0.00000000099999999956 
0.00000000099999999871 0.00000000099999999871 0.00000000099999999871 0.00000000099999999871 0.00000000099999999871 0.99999999099999992147 0.00000000099999999871 0.00000000099999999871 0.00000000099999999871 0.00000000099999999871 
0.00402544991578967625 0.00000000099999999994 0.00000000099999999994 0.03452533630273661031 0.02171479098912384650 0.85135393228533295940 0.05473591379786468814 0.00000000099999999994 0.03364457270915229697 0.00000000099999999994 
0.01349249214774102083 0.04765391559013450185 0.00000000099999999999 0.00356784591011882757 0.00478621295463895705 0.88708084717762702986 0.03307228556228403171 0.00390457328401639259 0.00644182537343906004 0.00000000099999999999 
0.00050087322226409492 0.11518564841526898745 0.00000000099999999995 0.00000000099999999995 0.02168353576851697259 0.79729138042772329520 0.04278406593788729173 0.00000000099999999995 0.02255449222833944001 0.00000000099999999995 
0.00000000099999999890 0.00000000099999999890 0.00000000099999999890 0.00000000099999999890 0.00000000099999999890 0.97772469561019725859 0.02227529638980265889 0.00000000099999999890 0.00000000099999999890 0.00000000099999999890 
0.00000000099999999954 0.00000000099999999954 0.00000000099999999954 0.00000000099999999954 0.00000000099999999954 0.96560792149899621339 0.03439207050100387408 0.00000000099999999954 0.00000000099999999954 0.00000000099999999954 
0.00000000099999999907 0.00508333868328175557 0.00000000099999999907 0.00000000099999999907 0.00000000099999999907 0.91622263207232967908 0.07869402224438866444 0.00000000099999999907 0.00000000099999999907 0.00000000099999999907 
0.12348890628894838850 0.03516283347759415617 0.00000000099999999994 0.00733464712366291034 0.00000000099999999994 0.46739997362422480709 0.02141750297229968666 0.32681479127954032871 0.00000000099999999994 0.01838134223372983600 
0.02027709144739374761 0.20441687777794864678 0.03313759379500384739 0.03140600988542439909 0.22650880192848807382 0.27681111854659623539 0.03720615255284513007 0.00000000099999999995 0.14706012427408821086 0.02317622879221168872 
0.00159083079898925421 0.07810309484956855230 0.00000000099999999998 0.05265281126534542694 0.08739878622574098754 0.65386710687981686174 0.08276222001556980679 0.02775233879124893929 0.01587280917372011976 0.00000000099999999998 
0.03118626258830869621 0.02825805394148903429 0.00000000099999999999 0.08852272438036039304 0.16582700197539329556 0.11874029918599451894 0.02468458721931597946 0.09158378096265962220 0.32321096955711015042 0.12798631918936836938 
0.01316301770749176737 0.03898825363264447202 0.02138716811626342751 0.06022702946532582785 0.19501894668483057971 0.53877834326110629615 0.00268313247818405959 0.00000000099999999998 0.08098792400039522832 0.04876618365375836456 
0.04571591609199604500 0.07392832500232703052 0.00000000099999999999 0.03574839633195710242 0.02198913751774098438 0.46784664645442441966 0.05303999883231579060 0.22700974670072288086 0.03335859912872076588 0.04136323293979501936 
0.00000000099999999962 0.00000000099999999962 0.00000000099999999962 0.00000000099999999962 0.00000000099999999962 0.99999999100000014352 0.00000000099999999962 0.00000000099999999962 0.00000000099999999962 0.00000000099999999962 
0.00076181143289135280 0.09174089370713228719 0.00000000099999999999 0.05241208257050221364 0.12637641236313412740 0.46127082533223828786 0.02384547107909375241 0.03938974695275523907 0.18002077794330634264 0.02418197761894637712 
0.23416106519613488768 0.08522165400680589697 0.00918296449439043316 0.00645300733172419518 0.01160002731980031183 0.35232584692051127639 0.03431454478639946876 0.13591935078397085479 0.13082152125483226257 0.00000001790543039403 
0.00000000099999999960 0.00000000099999999960 0.00000000099999999960 0.00000000099999999960 0.00000000099999999960 0.97175264452506804336 0.02824734747493202330 0.00000000099999999960 0.00000000099999999960 0.00000000099999999960 
0.09563196628822429046 0.51826346669900380526 0.00000000099999999984 0.00000000099999999984 0.00000000099999999984 0.00393367117447924412 0.00000000099999999984 0.38217088983829294868 0.00000000099999999984 0.00000000099999999984 
0.00384898625849986256 0.00000000099999999997 0.00000000099999999997 0.00102636445693830847 0.00000000099999999997 0.92698621276209636211 0.01283272325815079315 0.01169386045327960519 0.03562524207513022290 0.00798660773590502242 
0.13972179593881536852 0.00000000099999999998 0.11255706609380032590 0.00202341604066438169 0.12451512695557696853 0.01306627187368050204 0.01883791082832698277 0.04707504969581673832 0.34710640414340088178 0.19509695742991794987 
0.13775659543404972229 0.00000000099999999965 0.00000000099999999965 0.00082998322687165066 0.07384516346553483823 0.00000000099999999965 0.00000000099999999965 0.78756825187354384532 0.00000000099999999965 0.00000000099999999965 
0.00000000099999999890 0.00000000099999999890 0.00000000099999999890 0.00000000099999999890 0.00000000099999999890 0.99999999099999992147 0.00000000099999999890 0.00000000099999999890 0.00000000099999999890 0.00000000099999999890 
0.01056017706184433046 0.05968081131582854415 0.00000000099999999992 0.01173553926867422319 0.02535855169400746262 0.76624718616373299618 0.11915448237236415940 0.00726324912354843564 0.00000000099999999992 0.00000000099999999992 
0.05842670461428077500 0.00000000099999999972 0.02258264101145895583 0.00000000099999999972 0.01194508474340744662 0.00000000099999999972 0.00000000099999999972 0.00673313929234300394 0.90031242533850985854 0.00000000099999999972 
0.00000000099999999823 0.99999999100000003249 0.00000000099999999823 0.00000000099999999823 0.00000000099999999823 0.00000000099999999823 0.00000000099999999823 0.00000000099999999823 0.00000000099999999823 0.00000000099999999823 
0.00000000099999999758 0.99999999100000003249 0.00000000099999999758 0.00000000099999999758 0.00000000099999999758 0.00000000099999999758 0.00000000099999999758 0.00000000099999999758 0.00000000099999999758 0.00000000099999999758 
0.00000000099999999747 0.99999999099999992147 0.00000000099999999747 0.00000000099999999747 0.00000000099999999747 0.00000000099999999747 0.00000000099999999747 0.00000000099999999747 0.00000000099999999747 0.00000000099999999747 
0.00000000099999999849 0.82682487919998814974 0.00000000099999999849 0.00000000099999999849 0.00000000099999999849 0.17317511280001182672 0.00000000099999999849 0.00000000099999999849 0.00000000099999999849 0.00000000099999999849 
0.00000000099999999967 0.43433863391966043288 0.00000000099999999967 0.00000000099999999967 0.00000000099999999967 0.06935600178385882553 0.00000000099999999967 0.49630535729648062038 0.00000000099999999967 0.00000000099999999967 
0.02924533434065950538 0.19760689122031543929 0.00000000099999999998 0.00231093682175358790 0.03603221306677065194 0.19219207741824007041 0.07103197158836468961 0.45697913081525592949 0.00000000099999999998 0.01460144272864008844 
0.99999999099999992147 0.00000000099999999751 0.00000000099999999751 0.00000000099999999751 0.00000000099999999751 0.00000000099999999751 0.00000000099999999751 0.00000000099999999751 0.00000000099999999751 0.00000000099999999751 
0.99999999099999992147 0.00000000099999999749 0.00000000099999999749 0.00000000099999999749 0.00000000099999999749 0.00000000099999999749 0.00000000099999999749 0.00000000099999999749 0.00000000099999999749 0.00000000099999999749 
0.99999999100000003249 0.00000000099999999752 0.00000000099999999752 0.00000000099999999752 0.00000000099999999752 0.00000000099999999752 0.00000000099999999752 0.00000000099999999752 0.00000000099999999752 0.00000000099999999752 
0.00000000099999999989 0.00000006956924124041 0.00000000099999999989 0.03531755197937525709 0.06268349543022186388 0.08502991677485420563 0.02288697845309825563 0.14725164761277448333 0.20395532326089854669 0.44287501491953601418 
0.02044744017253872365 0.04488775145047954607 0.00000000099999999996 0.08464999631443242967 0.09662069793971406195 0.49242183405205497415 0.05565483728350029830 0.06861205979860103554 0.13670538098867879295 0.00000000099999999996 
0.02726444854390115344 0.04732666977222477200 0.00000000099999999998 0.12100826609573978043 0.16019857545459956216 0.28957113377674958965 0.06659993440304022572 0.07783413815501598332 0.21019683179872883372 0.00000000099999999998 
0.00000000099999999999 0.07395828295740933256 0.00785997267560528505 0.14842995816726392566 0.10282718458576817211 0.22908402364442376209 0.09315124050155630664 0.11572431509932887272 0.22896502036864432861 0.00000000099999999999 
0.04024081629155976808 0.06676448414398890308 0.00008598289291564047 0.16020140112870481786 0.20344371938127578381 0.18847290391169901902 0.01453926877436230794 0.01878814098604757177 0.28275940147110517620 0.02470388101834107217 
0.02760075876104324880 0.00245006347800138646 0.04053873669986548384 0.04360555775839205367 0.08839844954085332440 0.04369070735807645267 0.00000000100000000000 0.16877419368114909837 0.18741449471631746460 0.39752703700630148687 
0.00000000099999999811 0.00000000099999999811 0.00000000099999999811 0.99999999099999992147 0.00000000099999999811 0.00000000099999999811 0.00000000099999999811 0.00000000099999999811 0.00000000099999999811 0.00000000099999999811 
0.00000000099999999747 0.00000000099999999747 0.00000000099999999747 0.99999999099999981045 0.00000000099999999747 0.00000000099999999747 0.00000000099999999747 0.00000000099999999747 0.00000000099999999747 0.00000000099999999747 
0.00000000099999999983 0.00000000099999999983 0.00000000099999999983 0.96920413668215377179 0.03079585531784617344 0.00000000099999999983 0.00000000099999999983 0.00000000099999999983 0.00000000099999999983 0.00000000099999999983 
0.00000000099999999805 0.00000000099999999805 0.00000000099999999805 0.99999999099999992147 0.00000000099999999805 0.00000000099999999805 0.00000000099999999805 0.00000000099999999805 0.00000000099999999805 0.00000000099999999805 
0.00000000099999999741 0.00000000099999999741 0.00000000099999999741 0.99999999099999992147 0.00000000099999999741 0.00000000099999999741 0.00000000099999999741 0.00000000099999999741 0.00000000099999999741 0.00000000099999999741 
0.00000000099999999736 0.00000000099999999736 0.00000000099999999736 0.99999999099999981045 0.00000000099999999736 0.00000000099999999736 0.00000000099999999736 0.00000000099999999736 0.00000000099999999736 0.00000000099999999736 
0.00000000099999999727 0.00000000099999999727 0.00000000099999999727 0.99999999099999992147 0.00000000099999999727 0.00000000099999999727 0.00000000099999999727 0.00000000099999999727 0.00000000099999999727 0.00000000099999999727 
0.00000000099999999999 0.00000055663961028513 0.07886734324449071187 0.02439916838589511333 0.19421265937956633252 0.00549568349808737897 0.03360154513869273440 0.10676924429920582604 0.18432458107145144321 0.37232921734300011840 
0.00000000099999999738 0.00000000099999999738 0.00000000099999999738 0.99999999099999992147 0.00000000099999999738 0.00000000099999999738 0.00000000099999999738 0.00000000099999999738 0.00000000099999999738 0.00000000099999999738 
0.00000000099999999750 0.00000000099999999750 0.00000000099999999750 0.99999999099999992147 0.00000000099999999750 0.00000000099999999750 0.00000000099999999750 0.00000000099999999750 0.00000000099999999750 0.00000000099999999750 
0.00000000099999999745 0.00000000099999999745 0.00000000099999999745 0.99999999099999981045 0.00000000099999999745 0.00000000099999999745 0.00000000099999999745 0.00000000099999999745 0.00000000099999999745 0.00000000099999999745 
0.00000000099999999755 0.00000000099999999755 0.00000000099999999755 0.99999999099999992147 0.00000000099999999755 0.00000000099999999755 0.00000000099999999755 0.00000000099999999755 0.00000000099999999755 0.00000000099999999755 
0.00000000099999999725 0.00000000099999999725 0.00000000099999999725 0.99999999099999992147 0.00000000099999999725 0.00000000099999999725 0.00000000099999999725 0.00000000099999999725 0.00000000099999999725 0.00000000099999999725 
0.00000000099999999730 0.00000000099999999730 0.00000000099999999730 0.99999999099999981045 0.00000000099999999730 0.00000000099999999730 0.00000000099999999730 0.00000000099999999730 0.00000000099999999730 0.00000000099999999730 
0.05765020248585647072 0.00000000099999999990 0.00000000099999999990 0.00516391207299671858 0.09922318696563919849 0.01288379547654336030 0.02907740050924526726 0.19496682810915011430 0.60103467138056876351 0.00000000099999999990 
0.02496109351949983221 0.00000000099999999968 0.00000000099999999968 0.00000000099999999968 0.00000000099999999968 0.00000000099999999968 0.00000000099999999968 0.01059577512008018536 0.91209840884195247934 0.05234471651846741430 
0.02841498950377500249 0.00000000099999999954 0.05326396685855797064 0.00000000099999999954 0.00000000099999999954 0.00000000099999999954 0.00000000099999999954 0.00000000099999999954 0.87043343630139879963 0.04788760133626812632 
0.04186787125298156720 0.02715150183509025886 0.00712035111337278384 0.00000000099999999995 0.07422969920509683850 0.26752874934423931386 0.10267805127347433281 0.00000000099999999995 0.47942377297574495509 0.00000000099999999995 
0.00000000099999999964 0.00000000099999999964 0.00000000099999999964 0.00000000099999999964 0.06681492439028570429 0.00000000099999999964 0.00000000099999999964 0.03956130215693474950 0.82220960183400515486 0.07141416561877451941 
0.01601045528655612588 0.00000000099999999968 0.00000000099999999968 0.00000000099999999968 0.08747142891542047938 0.00000000099999999968 0.00000000099999999968 0.00000000099999999968 0.68401746339125257812 0.21250064640677074346 
0.01556244307972314694 0.00000000099999999967 0.00000000099999999967 0.00000000099999999967 0.08645848995386200275 0.00000000099999999967 0.00000000099999999967 0.00000000099999999967 0.68483120930879681776 0.21314785165761807040 
0.02497771009193381839 0.00000000099999999978 0.00101919262756303272 0.00000000099999999978 0.11034294561063877349 0.00000000099999999978 0.00000000099999999978 0.00000000099999999978 0.86326588765544232107 0.00039425901442197283 
0.00000000099999999956 0.00000000099999999956 0.00433639032856011040 0.00000000099999999956 0.13049799393597089070 0.00000000099999999956 0.00000000099999999956 0.00000000099999999956 0.61203013452069687794 0.25313547521477203217 
0.02799793104602772698 0.26330557668585347075 0.00000003519846777358 0.00000000099999999997 0.15979342278346367334 0.10279097242590926053 0.07200568182723014743 0.02615842203663069562 0.17321935708023628031 0.17472859991618097664 
0.03476978979719428514 0.00000000099999999961 0.06974332284415038496 0.00000000099999999961 0.22162063206496238066 0.00000000099999999961 0.00000000099999999961 0.00000000099999999961 0.39292108632561245640 0.28094516396808044689 
0.02563210327890136364 0.26368444094289622548 0.00000000560476545454 0.00000000099999999997 0.16063381642712304398 0.10405563877501913805 0.07111143996304698789 0.02706681685394911677 0.17248142134597924113 0.17533431580831942975 
0.00000000099999999961 0.00000000099999999961 0.09465469793477229721 0.00000000099999999961 0.00000000099999999961 0.00000000099999999961 0.00000000099999999961 0.06426606197322615177 0.58631698905469509242 0.25476224503730660054 
0.05359183588119657143 0.00000000099999999998 0.00000000099999999998 0.02791665474707355835 0.02898873902476085257 0.02267721651759467549 0.00472740239529625440 0.17059900277056433415 0.49026610513543555925 0.20123304152807827694 
0.44358413188647499714 0.01323048312406401202 0.00000000099999999996 0.01312031766973219618 0.01384157172038894858 0.00650643917904657112 0.00000011895892420047 0.42103533089649797239 0.08868160456487103604 0.00000000099999999996 
0.15283811675279854181 0.00000000099999999962 0.00000000099999999962 0.00000000099999999962 0.00000000099999999962 0.00000000099999999962 0.00000000099999999962 0.84716187524720154567 0.00000000099999999962 0.00000000099999999962 
0.02794232251396955302 0.00000000099999999968 0.02661116287563168592 0.00000000099999999968 0.00000035970582990973 0.00000000099999999968 0.00000000099999999968 0.76968150537314361515 0.06725439428078630599 0.10851025125063898380 
0.03221854128988227428 0.00000000099999999993 0.23049294049027563291 0.00201402473188286258 0.00000000099999999993 0.00000000099999999993 0.00000000099999999993 0.00000000099999999993 0.73527448748795909417 0.00000000099999999993 
0.00099703783673596512 0.00000000099999999988 0.24237050047534552943 0.00000000099999999988 0.00000000099999999988 0.00000000099999999988 0.00000000099999999988 0.00000273574422018956 0.75662971994369832007 0.00000000099999999988 
0.00000000099999999995 0.00117149598303005324 0.10213346824359262333 0.01519042675687941150 0.13348226777921354258 0.00503884250564979718 0.00000000099999999995 0.00832426265329067050 0.52492375331172280717 0.20973548076662093531 
0.00000000099999999985 0.00000000099999999985 0.09050185667834506620 0.00000000099999999985 0.04699147797982831248 0.00755342440480577266 0.00000000099999999985 0.08454569064767616937 0.32665669901563032518 0.44375084727371433280 
0.05609196605338005737 0.00000000099999999965 0.04332818864040323403 0.00000000099999999965 0.03829784558983542753 0.00000000099999999965 0.00000000099999999965 0.25423880864442832683 0.26648358682911321704 0.34155960024283965604 
0.00000000099999999998 0.00261481631245499705 0.23656929768968523731 0.00630980032982421737 0.05924892952167785942 0.00000000099999999998 0.00225818485396106928 0.07703138580794646750 0.46807332054708922220 0.14789426293736090967 
0.00404627012505893655 0.00000000099999999971 0.04061957982696786512 0.00000000099999999971 0.00000000099999999971 0.00000000099999999971 0.00000000099999999971 0.48283224759472337384 0.21756545115019940151 0.25493644630305045684 
0.06079743011085347870 0.00000000099999999961 0.02376406920934974118 0.00000000099999999961 0.00000000099999999961 0.00000000099999999961 0.00000000099999999961 0.68693284398299925275 0.13801254373599378122 0.09049310796080364816 
0.00000000099999999881 0.00000000099999999881 0.35243266543817941550 0.00000000099999999881 0.00000000099999999881 0.00000000099999999881 0.00000000099999999881 0.64756732656182025565 0.00000000099999999881 0.00000000099999999881 
0.00000000099999999866 0.00000000099999999866 0.00000000099999999866 0.00000000099999999866 0.00000000099999999866 0.00000000099999999866 0.00000000099999999866 0.99999999099999981045 0.00000000099999999866 0.00000000099999999866 
0.00000000099999999977 0.00000000099999999977 0.13402922080116766446 0.00000000099999999977 0.06073874407233972178 0.00000000099999999977 0.00000000099999999977 0.41608143607544301190 0.29911966676999229842 0.09003092728105725751 
0.00000000099999999963 0.00000000099999999963 0.03919852826364979975 0.00000000099999999963 0.00000000099999999963 0.00000000099999999963 0.00000000099999999963 0.85445616306519589500 0.01865774800121773255 0.08768755466993650993 
0.00000000099999999953 0.00000000099999999953 0.55482040076611816026 0.00000000099999999953 0.00000000099999999953 0.00000000099999999953 0.00000000099999999953 0.25986720262678386639 0.16464924048594462014 0.02066315012115329738 
0.00696387892485367168 0.00000000099999999971 0.24076714281928340844 0.00000000099999999971 0.00000000099999999971 0.00000000099999999971 0.00000000099999999971 0.14332083859185093533 0.27985618264115807996 0.32909195202285390636 
0.02453550660440073639 0.00000000099999999988 0.00000000099999999988 0.00000000099999999988 0.36466267075619424043 0.00000000099999999988 0.00000000099999999988 0.15728153317520246479 0.09413258290648554572 0.35938770155771704307 
0.00000000099999999846 0.00000000099999999846 0.00000000099999999846 0.00000000099999999846 0.00000000099999999846 0.00000000099999999846 0.00000000099999999846 0.99999999099999981045 0.00000000099999999846 0.00000000099999999846 
0.00014635189089359170 0.00000000099999999998 0.02652444554201438195 0.01104345394438833831 0.12762021552549340786 0.00000096520083980693 0.00000000099999999998 0.10815709514192213547 0.58704116929043514972 0.13946630146401320371 
0.00000000099999999986 0.00000000099999999986 0.00000000099999999986 0.00000000099999999986 0.27530752541955560986 0.00000000099999999986 0.00827641767840691517 0.00000000099999999986 0.64945269692374696380 0.06696335397829059066 
0.00000000099999999992 0.00000000099999999992 0.00670782015313574776 0.03051958793430577938 0.09004509475284448727 0.03040820354686955482 0.00000000099999999992 0.06040985198548567275 0.52353510600405839259 0.25837433262330028461 
0.01689554306842167009 0.02116899305951880708 0.09553611954964787156 0.03256621894534284661 0.14857628039867826208 0.03703470709016658258 0.00000000099999999999 0.16868673895699748400 0.35142997286266430823 0.12810542506856228973 
0.02029127472142998670 0.04748633155230617964 0.00000000099999999998 0.09030582037559845010 0.07417248329548578600 0.27439774617538492674 0.00378144842213092068 0.08632648205617257653 0.32167841808022695771 0.08155999432126422033 
0.00165063392124382697 0.00000000099999999971 0.24308064787510411109 0.00000000099999999971 0.00000000099999999971 0.00000000099999999971 0.00000000099999999971 0.11282782956919851225 0.27395784436113990168 0.36848303927331360619 
0.00000000099999999989 0.00000000099999999989 0.11265166819495553430 0.00818991748931010947 0.00290170525951396162 0.00000000099999999989 0.00000000099999999989 0.14395713746383942411 0.36866550627525929151 0.36363406131712172620 
0.05311597128301065451 0.00663866782650921090 0.00216307681008853217 0.03788713182533564455 0.14310872382809597392 0.03263033832658433081 0.00000000100000000000 0.26153437201023133074 0.22340957144193721029 0.23951214564820721975 
0.00000000099999999859 0.99811483465465089537 0.00000000099999999859 0.00000000099999999859 0.00000000099999999859 0.00000000099999999859 0.00188515734534914527 0.00000000099999999859 0.00000000099999999859 0.00000000099999999859 
0.00000000099999999761 0.99999999099999992147 0.00000000099999999761 0.00000000099999999761 0.00000000099999999761 0.00000000099999999761 0.00000000099999999761 0.00000000099999999761 0.00000000099999999761 0.00000000099999999761 
0.00000000099999999752 0.99999999099999992147 0.00000000099999999752 0.00000000099999999752 0.00000000099999999752 0.00000000099999999752 0.00000000099999999752 0.00000000099999999752 0.00000000099999999752 0.00000000099999999752 
0.56931143650779103549 0.00000000099999999945 0.00000000099999999945 0.00000000099999999945 0.00000000099999999945 0.00000000099999999945 0.00000000099999999945 0.43068855549220930179 0.00000000099999999945 0.00000000099999999945 
0.16555981463866550896 0.00000000099999999976 0.07708253166182429950 0.00000000099999999976 0.25462810307694899725 0.00000000099999999976 0.00000000099999999976 0.38925746219475715337 0.00000000099999999976 0.11347208342780409907 
0.02872291391652087925 0.00000000099999999988 0.14420342538959082801 0.00000000099999999988 0.46146055514801909148 0.00000000099999999988 0.00624600832168436051 0.00000000099999999988 0.30411064059007675286 0.05525645263410807612 
0.09104072575346397467 0.00000000099999999950 0.00000000099999999950 0.00000000099999999950 0.00000000099999999950 0.00000000099999999950 0.00000000099999999950 0.00000000099999999950 0.90895926624653589077 0.00000000099999999950 
0.09437662846872578448 0.00000000099999999948 0.00000000099999999948 0.00000000099999999948 0.00000000099999999948 0.00000000099999999948 0.00000000099999999948 0.00000000099999999948 0.90562336353127426136 0.00000000099999999948 
0.08972144260383674297 0.00000000099999999949 0.00000000099999999949 0.00000000099999999949 0.00000000099999999949 0.00000000099999999949 0.00000000099999999949 0.00000000099999999949 0.91027854939616337226 0.00000000099999999949 
0.00000000099999999958 0.00000000099999999958 0.08850368710615376389 0.00000000099999999958 0.06660933205587857286 0.00000000099999999958 0.00000000099999999958 0.00000000099999999958 0.75058780245886858040 0.09429917237909925254 
0.00000000099999999959 0.00000000099999999959 0.20236017286548377281 0.00000000099999999959 0.09332625236648095512 0.00000000099999999959 0.00000000099999999959 0.00000000099999999959 0.48024757861550376736 0.22406599015253136908 
0.00000000099999999946 0.00000000099999999946 0.19681441119592643640 0.00000000099999999946 0.00000000099999999946 0.00000000099999999946 0.00000000099999999946 0.00000000099999999946 0.72695244038171458190 0.07623314142235891600 
0.02205905571931543116 0.08769854925411253721 0.00000000099999999998 0.12124513196547954952 0.09745885858259936696 0.43337117324892354686 0.01239031687423952123 0.04750285951680965207 0.17827405283852029716 0.00000000099999999998 
0.00695654144539090396 0.01162370586461042646 0.15370708630184487520 0.00996224328623247259 0.02143520316088768501 0.02771033862998568617 0.00000000099999999999 0.05148293615658380840 0.68063810446944617016 0.03648383968501788671 
0.00000000099999999997 0.04152614263107579085 0.10002094323215293681 0.03806571640849627791 0.00707680930782436830 0.29366158493182187295 0.00000000099999999997 0.02115646744868019541 0.46434968437012630327 0.03414264966982226424 
