0.00000000099999999629 0.00000000099999999629 0.99999998599999984084 0.00000000099999999629 0.00000000099999999629 0.00000000099999999629 0.00000000099999999629 0.00000000099999999629 0.00000000099999999629 0.00000000099999999629 0.00000000099999999629 0.00000000099999999629 0.00000000099999999629 0.00000000099999999629 0.00000000099999999629 
0.00000000099999999630 0.00000000099999999630 0.99999998599999984084 0.00000000099999999630 0.00000000099999999630 0.00000000099999999630 0.00000000099999999630 0.00000000099999999630 0.00000000099999999630 0.00000000099999999630 0.00000000099999999630 0.00000000099999999630 0.00000000099999999630 0.00000000099999999630 0.00000000099999999630 
0.00000000099999999628 0.00000000099999999628 0.99999998599999984084 0.00000000099999999628 0.00000000099999999628 0.00000000099999999628 0.00000000099999999628 0.00000000099999999628 0.00000000099999999628 0.00000000099999999628 0.00000000099999999628 0.00000000099999999628 0.00000000099999999628 0.00000000099999999628 0.00000000099999999628 
0.39692405389428403462 0.00000000099999999996 0.00000000099999999996 0.00000000099999999996 0.00000000099999999996 0.00000000099999999996 0.36969839696741779722 0.00000000099999999996 0.23337737983008141618 0.00000015830821680149 0.00000000099999999996 0.00000000099999999996 0.00000000099999999996 0.00000000099999999996 0.00000000099999999996 
0.39402747594484138771 0.00000000099999999996 0.00000000099999999996 0.00000000099999999996 0.00000000099999999996 0.00000000099999999996 0.28184440808504424014 0.00000000099999999996 0.32412779897463922518 0.00000030599547498243 0.00000000099999999996 0.00000000099999999996 0.00000000099999999996 0.00000000099999999996 0.00000000099999999996 
0.00000000099999999737 0.00000000099999999737 0.66483212222009524517 0.00000000099999999737 0.00000000099999999737 0.00000000099999999737 0.00000000099999999737 0.00000000099999999737 0.00000000099999999737 0.00000000099999999737 0.00000000099999999737 0.33516786477990467841 0.00000000099999999737 0.00000000099999999737 0.00000000099999999737 
0.00000000099999999721 0.00000000099999999721 0.70057474703610767008 0.00000000099999999721 0.00000000099999999721 0.00000000099999999721 0.00000000099999999721 0.00000000099999999721 0.00000000099999999721 0.00000000099999999721 0.00000000099999999721 0.29942523996389219798 0.00000000099999999721 0.00000000099999999721 0.00000000099999999721 
0.00000000099999999766 0.00000000099999999766 0.77800363679649220394 0.00000000099999999766 0.00000000099999999766 0.00000000099999999766 0.00000000099999999766 0.00000000099999999766 0.00000000099999999766 0.00000000099999999766 0.00000000099999999766 0.00000000099999999766 0.22199635020350794168 0.00000000099999999766 0.00000000099999999766 
0.00000000099999999682 0.00000000099999999682 0.99999998599999984084 0.00000000099999999682 0.00000000099999999682 0.00000000099999999682 0.00000000099999999682 0.00000000099999999682 0.00000000099999999682 0.00000000099999999682 0.00000000099999999682 0.00000000099999999682 0.00000000099999999682 0.00000000099999999682 0.00000000099999999682 
0.00000000099999999691 0.00000000099999999691 0.99999998599999995186 0.00000000099999999691 0.00000000099999999691 0.00000000099999999691 0.00000000099999999691 0.00000000099999999691 0.00000000099999999691 0.00000000099999999691 0.00000000099999999691 0.00000000099999999691 0.00000000099999999691 0.00000000099999999691 0.00000000099999999691 
0.00000000099999999668 0.00000000099999999668 0.99999998599999995186 0.00000000099999999668 0.00000000099999999668 0.00000000099999999668 0.00000000099999999668 0.00000000099999999668 0.00000000099999999668 0.00000000099999999668 0.00000000099999999668 0.00000000099999999668 0.00000000099999999668 0.00000000099999999668 0.00000000099999999668 
0.00000000099999999587 0.00000000099999999587 0.00000000099999999587 0.00000000099999999587 0.00000000099999999587 0.00000000099999999587 0.00000000099999999587 0.00000000099999999587 0.99999998599999972981 0.00000000099999999587 0.00000000099999999587 0.00000000099999999587 0.00000000099999999587 0.00000000099999999587 0.00000000099999999587 
0.00000000099999999638 0.00000000099999999638 0.00000000099999999638 0.00000000099999999638 0.00000000099999999638 0.00000000099999999638 0.00000000099999999638 0.00000000099999999638 0.99999998599999972981 0.00000000099999999638 0.00000000099999999638 0.00000000099999999638 0.00000000099999999638 0.00000000099999999638 0.00000000099999999638 
0.00000000099999999592 0.00000000099999999592 0.00000000099999999592 0.00000000099999999592 0.00000000099999999592 0.00000000099999999592 0.00000000099999999592 0.00000000099999999592 0.99999998599999984084 0.00000000099999999592 0.00000000099999999592 0.00000000099999999592 0.00000000099999999592 0.00000000099999999592 0.00000000099999999592 
0.00000000099999999609 0.00000000099999999609 0.00000000099999999609 0.00000000099999999609 0.00000000099999999609 0.00000000099999999609 0.00000000099999999609 0.00000000099999999609 0.99999998599999984084 0.00000000099999999609 0.00000000099999999609 0.00000000099999999609 0.00000000099999999609 0.00000000099999999609 0.00000000099999999609 
0.00000000099999999910 0.00000000099999999910 0.00000000099999999910 0.00000000099999999910 0.06867190514382781608 0.00000000099999999910 0.00000000099999999910 0.00000000099999999910 0.86013743966020161924 0.00000000099999999910 0.00000000099999999910 0.07119064319597062651 0.00000000099999999910 0.00000000099999999910 0.00000000099999999910 
0.00000000099999999620 0.00000000099999999620 0.00000000099999999620 0.00000000099999999620 0.00000000099999999620 0.00000000099999999620 0.00000000099999999620 0.00000000099999999620 0.99999998599999984084 0.00000000099999999620 0.00000000099999999620 0.00000000099999999620 0.00000000099999999620 0.00000000099999999620 0.00000000099999999620 
0.00000000099999999604 0.00000000099999999604 0.00000000099999999604 0.00000000099999999604 0.00000000099999999604 0.00000000099999999604 0.00000000099999999604 0.00000000099999999604 0.99999998599999984084 0.00000000099999999604 0.00000000099999999604 0.00000000099999999604 0.00000000099999999604 0.00000000099999999604 0.00000000099999999604 
0.00000000099999999586 0.00000000099999999586 0.00000000099999999586 0.00000000099999999586 0.00000000099999999586 0.00000000099999999586 0.00000000099999999586 0.00000000099999999586 0.99999998599999984084 0.00000000099999999586 0.00000000099999999586 0.00000000099999999586 0.00000000099999999586 0.00000000099999999586 0.00000000099999999586 
0.00000000099999999593 0.00000000099999999593 0.00000000099999999593 0.00000000099999999593 0.00000000099999999593 0.00000000099999999593 0.00000000099999999593 0.00000000099999999593 0.99999998599999984084 0.00000000099999999593 0.00000000099999999593 0.00000000099999999593 0.00000000099999999593 0.00000000099999999593 0.00000000099999999593 
0.00000000099999999591 0.00000000099999999591 0.00000000099999999591 0.00000000099999999591 0.00000000099999999591 0.00000000099999999591 0.00000000099999999591 0.00000000099999999591 0.99999998599999984084 0.00000000099999999591 0.00000000099999999591 0.00000000099999999591 0.00000000099999999591 0.00000000099999999591 0.00000000099999999591 
0.00000000099999999590 0.00000000099999999590 0.00000000099999999590 0.00000000099999999590 0.00000000099999999590 0.00000000099999999590 0.00000000099999999590 0.00000000099999999590 0.99999998599999984084 0.00000000099999999590 0.00000000099999999590 0.00000000099999999590 0.00000000099999999590 0.00000000099999999590 0.00000000099999999590 
0.00000000099999999603 0.00000000099999999603 0.00000000099999999603 0.00000000099999999603 0.00000000099999999603 0.00000000099999999603 0.00000000099999999603 0.00000000099999999603 0.99999998599999984084 0.00000000099999999603 0.00000000099999999603 0.00000000099999999603 0.00000000099999999603 0.00000000099999999603 0.00000000099999999603 
0.00000000099999999605 0.00000000099999999605 0.00000000099999999605 0.00000000099999999605 0.00000000099999999605 0.00000000099999999605 0.00000000099999999605 0.00000000099999999605 0.99999998599999984084 0.00000000099999999605 0.00000000099999999605 0.00000000099999999605 0.00000000099999999605 0.00000000099999999605 0.00000000099999999605 
0.00000000099999999620 0.00000000099999999620 0.00000000099999999620 0.00000000099999999620 0.00000000099999999620 0.00000000099999999620 0.00000000099999999620 0.00000000099999999620 0.99999998599999972981 0.00000000099999999620 0.00000000099999999620 0.00000000099999999620 0.00000000099999999620 0.00000000099999999620 0.00000000099999999620 
0.00000000099999999589 0.00000000099999999589 0.00000000099999999589 0.00000000099999999589 0.00000000099999999589 0.00000000099999999589 0.00000000099999999589 0.00000000099999999589 0.99999998599999984084 0.00000000099999999589 0.00000000099999999589 0.00000000099999999589 0.00000000099999999589 0.00000000099999999589 0.00000000099999999589 
0.00000000099999999587 0.00000000099999999587 0.00000000099999999587 0.00000000099999999587 0.00000000099999999587 0.00000000099999999587 0.00000000099999999587 0.00000000099999999587 0.99999998599999972981 0.00000000099999999587 0.00000000099999999587 0.00000000099999999587 0.00000000099999999587 0.00000000099999999587 0.00000000099999999587 
0.00000000099999999928 0.00000000099999999928 0.66486750639806635466 0.00000000099999999928 0.00000000099999999928 0.27394409355505372483 0.00000000099999999928 0.00000000099999999928 0.00000000099999999928 0.00000000099999999928 0.00000000099999999928 0.00000000099999999928 0.00000000099999999928 0.06118838804688012112 0.00000000099999999928 
0.00000000099999999977 0.22555408321479855638 0.00000000099999999977 0.00000000099999999977 0.26580605177692084862 0.00000000099999999977 0.01475598108562672928 0.00000000099999999977 0.14797725480196982639 0.06562129101360211769 0.20329018058591674656 0.00000000099999999977 0.00000000099999999977 0.00000000099999999977 0.07699514952116544297 
0.00000000099999999882 0.00000000099999999882 0.00000000099999999882 0.00000772530997354869 0.00000000099999999882 0.86920046256697669484 0.00000000099999999882 0.00000000099999999882 0.00000000099999999882 0.00000000099999999882 0.00000000099999999882 0.00000000099999999882 0.13079180012304963965 0.00000000099999999882 0.00000000099999999882 
0.01685739600871543134 0.18260082167522184715 0.00000000099999999996 0.10778099227946942584 0.13212590586937855708 0.20049980616990001336 0.00775966043126387946 0.00000000099999999996 0.05014893132005997234 0.05524065793372320149 0.11422481468175472996 0.00000000099999999996 0.13275826633523082898 0.00000274329528199647 0.00000000099999999996 
0.00000000099999999697 0.00000000099999999697 0.00000000099999999697 0.00000000099999999697 0.00000000099999999697 0.99999998599999995186 0.00000000099999999697 0.00000000099999999697 0.00000000099999999697 0.00000000099999999697 0.00000000099999999697 0.00000000099999999697 0.00000000099999999697 0.00000000099999999697 0.00000000099999999697 
0.00000000099999999731 0.00000000099999999731 0.00000000099999999731 0.00000000099999999731 0.00000000099999999731 0.99999998599999995186 0.00000000099999999731 0.00000000099999999731 0.00000000099999999731 0.00000000099999999731 0.00000000099999999731 0.00000000099999999731 0.00000000099999999731 0.00000000099999999731 0.00000000099999999731 
0.00000000099999999955 0.03107823395502912894 0.00000000099999999955 0.00000000099999999955 0.38427212933403243067 0.03016407243306518451 0.00000000099999999955 0.00000000099999999955 0.07747182936294891298 0.00000000099999999955 0.47701372491492438632 0.00000000099999999955 0.00000000099999999955 0.00000000099999999955 0.00000000099999999955 
0.00000000099999999714 0.00000000099999999714 0.00000000099999999714 0.00000000099999999714 0.00000000099999999714 0.99999998599999995186 0.00000000099999999714 0.00000000099999999714 0.00000000099999999714 0.00000000099999999714 0.00000000099999999714 0.00000000099999999714 0.00000000099999999714 0.00000000099999999714 0.00000000099999999714 
0.00000000099999999724 0.00000000099999999724 0.00000000099999999724 0.00000000099999999724 0.00000000099999999724 0.99999998599999995186 0.00000000099999999724 0.00000000099999999724 0.00000000099999999724 0.00000000099999999724 0.00000000099999999724 0.00000000099999999724 0.00000000099999999724 0.00000000099999999724 0.00000000099999999724 
0.06088377651987440103 0.29113625213828209226 0.04193842574650966104 0.01385836746189294567 0.00000000099999999991 0.17873346495778816290 0.19624631891682423057 0.01076260132492985223 0.00000000392243506159 0.02764477402876614268 0.00000000099999999991 0.00000000099999999991 0.11840358712669492303 0.02579736696114660541 0.03459505789485598642 
0.08108341303627190910 0.13351628485229030674 0.01801743274860977476 0.00000000099999999991 0.18562334871773761291 0.00237113666238077158 0.00000000099999999991 0.00000000099999999991 0.07425348306210845239 0.41805516951613780341 0.01203639719948450607 0.00000000099999999991 0.00000000099999999991 0.01720049858730071310 0.05784283061767805934 
0.15916802265248239379 0.30552512819052113358 0.00000000099999999996 0.07215125041193440336 0.04476375474491359890 0.07036665201925099145 0.03002825056322737732 0.02858445678502003970 0.06187639375876475417 0.09033968834055022823 0.00000000099999999996 0.00000000099999999996 0.04178529843070554611 0.00866251257979885371 0.08674858852283053035 
0.11339568266830780952 0.23200371905381095283 0.00000000099999999997 0.04422149000267654867 0.11058855920921889515 0.15703884191666286907 0.00860719931625972094 0.00828839278785722770 0.03436365357212591704 0.19033873490275102225 0.00000000099999999997 0.00000000099999999997 0.02699910896353822920 0.01184067129666679929 0.06231394331012401339 
0.00022112716447022127 0.51410722609907666403 0.00000000099999999995 0.01166668445355204496 0.12750570563181978789 0.00000000493830347837 0.01152802938255447808 0.00173195141487435321 0.00000000099999999995 0.18235980691228192985 0.00000000099999999995 0.00000000099999999995 0.00000000099999999995 0.01486184239731561975 0.13601761660575151236 
0.00211693448608901713 0.26042302947219242437 0.00000000099999999993 0.09293148482844830471 0.00000000099999999993 0.17743796784545173839 0.01606253533961023508 0.00646261972891615244 0.00000000099999999993 0.18006813217887207568 0.01482523959893872548 0.00000000099999999993 0.13305102824445841359 0.00000000099999999993 0.11662102327702281168 
0.04931911775312309426 0.29574007905246113559 0.00000000099999999980 0.00000000099999999980 0.00000000099999999980 0.00000000099999999980 0.06497862110230052946 0.00000000099999999980 0.01835846681909831038 0.21519862140512402426 0.04878527748913557421 0.00000000099999999980 0.00000000099999999980 0.00000000099999999980 0.30761980837875713135 
0.02556414868987198080 0.22585816807594449873 0.00000000099999999997 0.34647296703937779938 0.02604518434694837181 0.07495843207732960645 0.07144314896272366266 0.01484425737979212269 0.00157042413195946761 0.05280572201760646428 0.00000000099999999997 0.00993713616630873507 0.04428062991898410600 0.00254671267522730725 0.10367306651792575212 
0.00000000099999999980 0.49994978767186493140 0.00000000099999999980 0.00000000099999999980 0.00000000099999999980 0.01656273539055105187 0.05700637527901323415 0.00000000099999999980 0.00000000099999999980 0.34611030350745441986 0.08037078815111621533 0.00000000099999999980 0.00000000099999999980 0.00000000099999999980 0.00000000099999999980 
0.35922264699259154330 0.00000000099999999900 0.00000000099999999900 0.00000000099999999900 0.25266835248013735926 0.00000000099999999900 0.00000000099999999900 0.00000000099999999900 0.06524546350949644857 0.25726339635487227575 0.06560013066290219796 0.00000000099999999900 0.00000000099999999900 0.00000000099999999900 0.00000000099999999900 
0.00000000099999999802 0.00000000099999999802 0.82937044035778384465 0.00000000099999999802 0.00000000099999999802 0.00000000099999999802 0.00000000099999999802 0.00000000099999999802 0.00000000099999999802 0.00000000099999999802 0.00000000099999999802 0.00000000099999999802 0.17062954664221632872 0.00000000099999999802 0.00000000099999999802 
0.00000000099999999895 0.99999998600000028492 0.00000000099999999895 0.00000000099999999895 0.00000000099999999895 0.00000000099999999895 0.00000000099999999895 0.00000000099999999895 0.00000000099999999895 0.00000000099999999895 0.00000000099999999895 0.00000000099999999895 0.00000000099999999895 0.00000000099999999895 0.00000000099999999895 
0.00000000099999999869 0.99999998600000028492 0.00000000099999999869 0.00000000099999999869 0.00000000099999999869 0.00000000099999999869 0.00000000099999999869 0.00000000099999999869 0.00000000099999999869 0.00000000099999999869 0.00000000099999999869 0.00000000099999999869 0.00000000099999999869 0.00000000099999999869 0.00000000099999999869 
0.00000000099999999856 0.99999998600000028492 0.00000000099999999856 0.00000000099999999856 0.00000000099999999856 0.00000000099999999856 0.00000000099999999856 0.00000000099999999856 0.00000000099999999856 0.00000000099999999856 0.00000000099999999856 0.00000000099999999856 0.00000000099999999856 0.00000000099999999856 0.00000000099999999856 
0.00000000099999999997 0.66177931479865659270 0.00000000099999999997 0.02996407664255077916 0.05566430558510042370 0.03114611512800936205 0.04588878898371112625 0.05931445579689455239 0.00000000099999999997 0.00000000099999999997 0.01741351638827730655 0.00854193029688605533 0.00000000099999999997 0.00000000099999999997 0.09028749037991384840 
0.00000000099999999995 0.53373700140094260114 0.00000000099999999995 0.05038409857290816751 0.04217676729566113142 0.13782218710794785776 0.04383786008228484493 0.06113107256232817865 0.00380843705142526424 0.00000000099999999995 0.00318332685835470263 0.00000000099999999995 0.04718494551705624401 0.07673429855109113740 0.00000000099999999995 
0.00000000099999999844 0.00000000099999999844 0.00000000099999999844 0.00000000099999999844 0.99999998600000006288 0.00000000099999999844 0.00000000099999999844 0.00000000099999999844 0.00000000099999999844 0.00000000099999999844 0.00000000099999999844 0.00000000099999999844 0.00000000099999999844 0.00000000099999999844 0.00000000099999999844 
0.00000000099999999829 0.00000000099999999829 0.00000000099999999829 0.00000000099999999829 0.99999998600000006288 0.00000000099999999829 0.00000000099999999829 0.00000000099999999829 0.00000000099999999829 0.00000000099999999829 0.00000000099999999829 0.00000000099999999829 0.00000000099999999829 0.00000000099999999829 0.00000000099999999829 
0.00000000099999999906 0.00000000099999999906 0.00000000099999999906 0.00000000099999999906 0.50688241710827297570 0.00000000099999999906 0.00000000099999999906 0.00000000099999999906 0.00000000099999999906 0.00000000099999999906 0.00000000099999999906 0.49311756989172711441 0.00000000099999999906 0.00000000099999999906 0.00000000099999999906 
0.00000000099999999851 0.00000000099999999851 0.00000000099999999851 0.00000000099999999851 0.87768644845545917832 0.00000000099999999851 0.12231353854454082852 0.00000000099999999851 0.00000000099999999851 0.00000000099999999851 0.00000000099999999851 0.00000000099999999851 0.00000000099999999851 0.00000000099999999851 0.00000000099999999851 
0.00000000099999999622 0.00000000099999999622 0.00000000099999999622 0.00000000099999999622 0.00000000099999999622 0.00000000099999999622 0.00000000099999999622 0.00000000099999999622 0.00000000099999999622 0.00000000099999999622 0.00000000099999999622 0.99999998599999984084 0.00000000099999999622 0.00000000099999999622 0.00000000099999999622 
0.00000000099999999730 0.00000000099999999730 0.00000000099999999730 0.00000000099999999730 0.99999998599999995186 0.00000000099999999730 0.00000000099999999730 0.00000000099999999730 0.00000000099999999730 0.00000000099999999730 0.00000000099999999730 0.00000000099999999730 0.00000000099999999730 0.00000000099999999730 0.00000000099999999730 
0.00000000099999999905 0.00000000099999999905 0.02514229807475376957 0.00000000099999999905 0.87051503031064891847 0.00000000099999999905 0.00000000099999999905 0.00000000099999999905 0.00000000099999999905 0.00000000099999999905 0.00000000099999999905 0.10434265961459743277 0.00000000099999999905 0.00000000099999999905 0.00000000099999999905 
0.00000000099999999826 0.00000000099999999826 0.36876698349772046859 0.00000000099999999826 0.00000000099999999826 0.00000000099999999826 0.00000000099999999826 0.00000000099999999826 0.00000000099999999826 0.00000000099999999826 0.00000000099999999826 0.00001919070688239173 0.63121381379539687195 0.00000000099999999826 0.00000000099999999826 
0.03993543405129492546 0.00000000099999999941 0.00000000099999999941 0.00000000099999999941 0.00000000099999999941 0.00000000099999999941 0.79022069075822887196 0.00000000099999999941 0.00000000099999999941 0.00000000099999999941 0.00000000099999999941 0.00000000099999999941 0.00000000099999999941 0.00000000099999999941 0.16984386319047639624 
0.00000000099999999923 0.00000000099999999923 0.00000000099999999923 0.00000000099999999923 0.61433755272219803256 0.00000000099999999923 0.38566243427780222408 0.00000000099999999923 0.00000000099999999923 0.00000000099999999923 0.00000000099999999923 0.00000000099999999923 0.00000000099999999923 0.00000000099999999923 0.00000000099999999923 
0.00000000099999999868 0.00000000099999999868 0.00000000099999999868 0.00000000099999999868 0.00000000099999999868 0.00000000099999999868 0.99999998600000006288 0.00000000099999999868 0.00000000099999999868 0.00000000099999999868 0.00000000099999999868 0.00000000099999999868 0.00000000099999999868 0.00000000099999999868 0.00000000099999999868 
0.00000000099999999916 0.00000000099999999916 0.00000000099999999916 0.00000000099999999916 0.00000000099999999916 0.89150138592950090022 0.00000000099999999916 0.00000000099999999916 0.00000000099999999916 0.00000000099999999916 0.00000000099999999916 0.00000000099999999916 0.10849860107049927316 0.00000000099999999916 0.00000000099999999916 
0.00000000099999999844 0.00000000099999999844 0.00000000099999999844 0.59510067232047725305 0.00000000099999999844 0.40489931467952294808 0.00000000099999999844 0.00000000099999999844 0.00000000099999999844 0.00000000099999999844 0.00000000099999999844 0.00000000099999999844 0.00000000099999999844 0.00000000099999999844 0.00000000099999999844 
0.00000000099999999984 0.10068494329187187286 0.00000000099999999984 0.30465286077676556609 0.00000000099999999984 0.49275191119827765895 0.00000000099999999984 0.02044992524612570042 0.00000000099999999984 0.00000000099999999984 0.00000000099999999984 0.00013256705340967056 0.05555868666260012356 0.02576909777094941317 0.00000000099999999984 
0.00000000099999999974 0.03443648729725354990 0.00000000099999999974 0.17818645973022412266 0.00000000099999999974 0.67094276733273139346 0.00000000099999999974 0.00000000099999999974 0.00000000099999999974 0.00000000099999999974 0.00000000099999999974 0.00000000099999999974 0.11643427463979119652 0.00000000099999999974 0.00000000099999999974 
0.00000000099999999967 0.03968944797941931918 0.07980119658085293999 0.00000030705201954567 0.00000000099999999967 0.78779469493572862326 0.00000000099999999967 0.00000000099999999967 0.00000000099999999967 0.00000000099999999967 0.00000000099999999967 0.00000000099999999967 0.08582338519557720924 0.00689095925640255402 0.00000000099999999967 
0.00000000099999999784 0.00000000099999999784 0.00000000099999999784 0.00000000099999999784 0.00000000099999999784 0.99999998599999995186 0.00000000099999999784 0.00000000099999999784 0.00000000099999999784 0.00000000099999999784 0.00000000099999999784 0.00000000099999999784 0.00000000099999999784 0.00000000099999999784 0.00000000099999999784 
0.00000000099999999856 0.00000000099999999856 0.00000000099999999856 0.00000000099999999856 0.00000000099999999856 0.99999998600000006288 0.00000000099999999856 0.00000000099999999856 0.00000000099999999856 0.00000000099999999856 0.00000000099999999856 0.00000000099999999856 0.00000000099999999856 0.00000000099999999856 0.00000000099999999856 
0.00000000099999999840 0.00000000099999999840 0.00632201533061237976 0.00000000099999999840 0.00000000099999999840 0.94860298079737692678 0.00000000099999999840 0.00000000099999999840 0.00000000099999999840 0.00000000099999999840 0.00000000099999999840 0.00000000099999999840 0.04076138957254497180 0.00431360329946582632 0.00000000099999999840 
0.00000000099999999987 0.01727872163124731172 0.00000000099999999987 0.00068177833504433349 0.25008972609823154620 0.44110967269397416413 0.00000000099999999987 0.00000000099999999987 0.11608780771973199741 0.00007966173217509088 0.09294859313054870675 0.00000000099999999987 0.08172403165904679190 0.00000000099999999987 0.00000000099999999987 
0.04274611886846491765 0.25082316976787361051 0.10282610128194655252 0.00654328529049630087 0.00000000099999999982 0.19142994571374377655 0.14987765131787605943 0.00000000099999999982 0.00732272570831022686 0.02236079226609036935 0.00000000099999999982 0.00000000099999999982 0.18450285425615375878 0.00000000099999999982 0.04156735052904442923 
0.00000000099999999979 0.19407083318809309480 0.00000000099999999979 0.24794926001518025060 0.00000000099999999979 0.28621881514280406167 0.00000000099999999979 0.01925868959455767290 0.00000000099999999979 0.00000000099999999979 0.00000000099999999979 0.00000000099999999979 0.23415404688165081248 0.01834834617771406370 0.00000000099999999979 
0.00000000099999999993 0.55725709946640500370 0.00000000099999999993 0.00000000099999999993 0.00000000099999999993 0.03512362806403112464 0.03294718942187119942 0.00995066957301934257 0.01450698088252132950 0.14119347511497051806 0.04796239506628877797 0.00000000099999999993 0.02207807615482628924 0.00000000099999999993 0.13898048025606637990 
0.02317775784412300089 0.34680830330731687861 0.00000000099999999989 0.24821646157410900968 0.00000000099999999989 0.20119029356562667665 0.09318334417125763436 0.00802702805022087636 0.00000000099999999989 0.02468143483641997704 0.00000000099999999989 0.02395748934485025100 0.03075788130607574888 0.00000000099999999989 0.00000000099999999989 
0.00000000099999999995 0.10382246176428998330 0.00000000099999999995 0.22583317021568394267 0.14143610589429633784 0.16117245995267501235 0.00000000099999999995 0.01930703064224503773 0.04512131368508687929 0.03452229375843527542 0.08192155249316032672 0.07944147032766096794 0.07008253342194659119 0.03733960384451963377 0.00000000099999999995 
0.00000000099999999873 0.00000000099999999873 0.00000000099999999873 0.00000000099999999873 0.00000000099999999873 0.99999998600000006288 0.00000000099999999873 0.00000000099999999873 0.00000000099999999873 0.00000000099999999873 0.00000000099999999873 0.00000000099999999873 0.00000000099999999873 0.00000000099999999873 0.00000000099999999873 
0.00503633829417996035 0.37218517319046523495 0.00188679399452009551 0.00000000099999999992 0.00000000099999999992 0.38568119852722676510 0.03577722472601230219 0.00000000099999999992 0.00000000099999999992 0.02551660275081261975 0.00900648683140440297 0.00000000099999999992 0.12726698352536158776 0.00000000099999999992 0.03764319216001705409 
0.00623153493749985850 0.09873671035762905668 0.04157884553623968776 0.00000000099999999996 0.04707362701035466140 0.32263018155838635304 0.00000000099999999996 0.00000000099999999996 0.23734359769284427144 0.00935476661510422497 0.07822929625788209440 0.01540771476745623689 0.07406383736223068337 0.00209322316344147516 0.06725666174093139493 
0.00000000099999999872 0.00000000099999999872 0.00000000099999999872 0.00000000099999999872 0.00000000099999999872 0.99823305911461113205 0.00000000099999999872 0.00000000099999999872 0.00000000099999999872 0.00000000099999999872 0.00000000099999999872 0.00000000099999999872 0.00176692788538886851 0.00000000099999999872 0.00000000099999999872 
0.00000000099999999962 0.01558054853450151211 0.43126569090791233574 0.00000000099999999962 0.32694353277097026877 0.00000000099999999962 0.00000000099999999962 0.00000000099999999962 0.09097400843598342501 0.00000000099999999962 0.04500679644267353841 0.00000000099999999962 0.09022941390795884142 0.00000000099999999962 0.00000000099999999962 
0.00000000099999999973 0.06070731311667945662 0.00000000099999999973 0.07187240757780630207 0.00000000099999999973 0.82800296628685254863 0.00000000099999999973 0.00000000099999999973 0.00000000099999999973 0.00000000099999999973 0.00000000099999999973 0.00000000099999999973 0.03941730201866176092 0.00000000099999999973 0.00000000099999999973 
0.11552523473585303571 0.05985992308163557568 0.00000000099999999992 0.00000000099999999992 0.03895373338292946325 0.00995695327930230106 0.10544893914426697878 0.00000000099999999992 0.13806452418332185172 0.19028592653644918475 0.01214282470805271366 0.00000000099999999992 0.00000000099999999992 0.01786188559077755977 0.31190005035741136252 
0.00000000099999999930 0.00000000099999999930 0.00000000099999999930 0.00000000099999999930 0.79844699680206698833 0.00000000099999999930 0.00000000099999999930 0.00000000099999999930 0.10599845621175835175 0.00000000099999999930 0.09555453498617476338 0.00000000099999999930 0.00000000099999999930 0.00000000099999999930 0.00000000099999999930 
0.00000000099999999867 0.00000000099999999867 0.00000000099999999867 0.62473475797384814268 0.00000000099999999867 0.36736194956802398215 0.00000000099999999867 0.00000000099999999867 0.00000000099999999867 0.00000000099999999867 0.00000000099999999867 0.00790328045812801160 0.00000000099999999867 0.00000000099999999867 0.00000000099999999867 
0.00000000099999999924 0.00000000099999999924 0.00000000099999999924 0.25130566932629527788 0.00000000099999999924 0.36197114361663773607 0.00000000099999999924 0.00000000099999999924 0.00000000099999999924 0.00000000099999999924 0.00000000099999999924 0.00000000099999999924 0.38672317505706710339 0.00000000099999999924 0.00000000099999999924 
0.02388593806885805360 0.00000000099999999957 0.00000000099999999957 0.00000000099999999957 0.01265595603323819637 0.00000000099999999957 0.02923058286987555154 0.00000000099999999957 0.06181959895975586150 0.00000000099999999957 0.00000000099999999957 0.00000000099999999957 0.00000000099999999957 0.00000000099999999957 0.87240791406827222776 
0.00000000099999999733 0.00000000099999999733 0.99999998599999995186 0.00000000099999999733 0.00000000099999999733 0.00000000099999999733 0.00000000099999999733 0.00000000099999999733 0.00000000099999999733 0.00000000099999999733 0.00000000099999999733 0.00000000099999999733 0.00000000099999999733 0.00000000099999999733 0.00000000099999999733 
0.00000000099999999679 0.00000000099999999679 0.95813790201513449052 0.00000000099999999679 0.00000000099999999679 0.00000000099999999679 0.00000000099999999679 0.00000000099999999679 0.00000000099999999679 0.00000000099999999679 0.00000000099999999679 0.04186208498486550938 0.00000000099999999679 0.00000000099999999679 0.00000000099999999679 
0.00000000099999999669 0.00000000099999999669 0.99999998599999995186 0.00000000099999999669 0.00000000099999999669 0.00000000099999999669 0.00000000099999999669 0.00000000099999999669 0.00000000099999999669 0.00000000099999999669 0.00000000099999999669 0.00000000099999999669 0.00000000099999999669 0.00000000099999999669 0.00000000099999999669 
0.00000000099999999625 0.00000000099999999625 0.00000000099999999625 0.00000000099999999625 0.00000000099999999625 0.00000000099999999625 0.00000000099999999625 0.00000000099999999625 0.00000000099999999625 0.00000000099999999625 0.00000000099999999625 0.99999998599999984084 0.00000000099999999625 0.00000000099999999625 0.00000000099999999625 
0.00000000099999999898 0.00000000099999999898 0.00000000099999999898 0.00000000099999999898 0.50736615702157283891 0.00000000099999999898 0.00000000099999999898 0.00000000099999999898 0.00000000099999999898 0.00000000099999999898 0.00000000099999999898 0.49263382997842730671 0.00000000099999999898 0.00000000099999999898 0.00000000099999999898 
0.00000000099999999976 0.00000000099999999976 0.14009189506818262028 0.00000000099999999976 0.53876883495356719944 0.16920546686068049791 0.00000000099999999976 0.00000000099999999976 0.00000000099999999976 0.00000000099999999976 0.00000000099999999976 0.00000000099999999976 0.11385002590886426910 0.03808376720870556426 0.00000000099999999976 
0.00000000099999999606 0.00000000099999999606 0.00000000099999999606 0.00000000099999999606 0.00000000099999999606 0.00000000099999999606 0.00000000099999999606 0.00000000099999999606 0.99999998599999984084 0.00000000099999999606 0.00000000099999999606 0.00000000099999999606 0.00000000099999999606 0.00000000099999999606 0.00000000099999999606 
0.00000000099999999602 0.00000000099999999602 0.00000000099999999602 0.00000000099999999602 0.00000000099999999602 0.00000000099999999602 0.00000000099999999602 0.00000000099999999602 0.99999998599999995186 0.00000000099999999602 0.00000000099999999602 0.00000000099999999602 0.00000000099999999602 0.00000000099999999602 0.00000000099999999602 
0.00000000099999999606 0.00000000099999999606 0.00000000099999999606 0.00000000099999999606 0.00000000099999999606 0.00000000099999999606 0.00000000099999999606 0.00000000099999999606 0.99999998599999972981 0.00000000099999999606 0.00000000099999999606 0.00000000099999999606 0.00000000099999999606 0.00000000099999999606 0.00000000099999999606 
0.00000000099999999981 0.32138822540986966558 0.00000000099999999981 0.00000000099999999981 0.06082950592042733751 0.03440805846401620571 0.00000000099999999981 0.00000000099999999981 0.00000000099999999981 0.45368064724218670758 0.07020723206554803364 0.00000000099999999981 0.00000000099999999981 0.00573745001256086365 0.05374887288539106217 
0.00000000099999999985 0.46401663556807826172 0.00000000099999999985 0.05824396273838573779 0.03898515337758308441 0.34289198559519418197 0.00000000099999999985 0.01070033861529722484 0.00000000099999999985 0.00000000099999999985 0.00000000099999999985 0.00810159607493676770 0.05382476151170718925 0.02323555951881756121 0.00000000099999999985 
0.00000000099999999998 0.58669710317209877726 0.00000000099999999998 0.01572486321547667334 0.03304777963325357393 0.18502064746333177214 0.01879880390352111491 0.04018721048409017171 0.01130350964959726812 0.00000000099999999998 0.00995872327302175543 0.01326070139585399689 0.02878651495860793177 0.03703585543610222325 0.02017828441504491976 
0.00000000099999999979 0.68247809311585150294 0.00000320240484593149 0.00000000099999999979 0.03838713835372869337 0.10752055643858877965 0.00000000099999999979 0.04613380115232134510 0.00000000099999999979 0.00000000099999999979 0.00000000099999999979 0.00000000099999999979 0.07084528156963450229 0.05463191896502921779 0.00000000099999999979 
0.00000000099999999972 0.98068208939457868212 0.00485056142734767437 0.00000000099999999972 0.00000000099999999972 0.00000000099999999972 0.00000000099999999972 0.01446670699212995737 0.00000000099999999972 0.00000000099999999972 0.00000000099999999972 0.00000063118594395711 0.00000000099999999972 0.00000000099999999972 0.00000000099999999972 
0.04367618353734563363 0.39347434600226455226 0.00000000099999999959 0.00000000099999999959 0.04077954965735994253 0.00000000099999999959 0.00000000099999999959 0.00000000099999999959 0.00796149304706015096 0.40782915290153237686 0.10627926585443735197 0.00000000099999999959 0.00000000099999999959 0.00000000099999999959 0.00000000099999999959 
0.00000000099999999707 0.00000000099999999707 0.00000000099999999707 0.00000000099999999707 0.00000000099999999707 0.00000000099999999707 0.00000000099999999707 0.99999998599999984084 0.00000000099999999707 0.00000000099999999707 0.00000000099999999707 0.00000000099999999707 0.00000000099999999707 0.00000000099999999707 0.00000000099999999707 
0.00000000099999999611 0.00000000099999999611 0.00000000099999999611 0.00000000099999999611 0.00000000099999999611 0.00000000099999999611 0.00000000099999999611 0.99999998599999984084 0.00000000099999999611 0.00000000099999999611 0.00000000099999999611 0.00000000099999999611 0.00000000099999999611 0.00000000099999999611 0.00000000099999999611 
0.00000000099999999915 0.06749093296034933132 0.00000000099999999915 0.00000000099999999915 0.00000000099999999915 0.00000000099999999915 0.00000000099999999915 0.93250905403965067553 0.00000000099999999915 0.00000000099999999915 0.00000000099999999915 0.00000000099999999915 0.00000000099999999915 0.00000000099999999915 0.00000000099999999915 
0.00000000099999999705 0.00000000099999999705 0.00000000099999999705 0.00000000099999999705 0.00000000099999999705 0.00000000099999999705 0.00000000099999999705 0.99999998599999995186 0.00000000099999999705 0.00000000099999999705 0.00000000099999999705 0.00000000099999999705 0.00000000099999999705 0.00000000099999999705 0.00000000099999999705 
0.00000000099999999603 0.00000000099999999603 0.00000000099999999603 0.00000000099999999603 0.00000000099999999603 0.00000000099999999603 0.00000000099999999603 0.99999998599999984084 0.00000000099999999603 0.00000000099999999603 0.00000000099999999603 0.00000000099999999603 0.00000000099999999603 0.00000000099999999603 0.00000000099999999603 
0.00000000099999999591 0.00000000099999999591 0.00000000099999999591 0.00000000099999999591 0.00000000099999999591 0.00000000099999999591 0.00000000099999999591 0.99999998599999984084 0.00000000099999999591 0.00000000099999999591 0.00000000099999999591 0.00000000099999999591 0.00000000099999999591 0.00000000099999999591 0.00000000099999999591 
0.00000000099999999577 0.00000000099999999577 0.00000000099999999577 0.00000000099999999577 0.00000000099999999577 0.00000000099999999577 0.00000000099999999577 0.99999998599999972981 0.00000000099999999577 0.00000000099999999577 0.00000000099999999577 0.00000000099999999577 0.00000000099999999577 0.00000000099999999577 0.00000000099999999577 
0.08476859392891748779 0.27903077103248846713 0.00000000099999999970 0.00000000099999999970 0.00000000099999999970 0.00000000099999999970 0.10272147065413048117 0.00000000099999999970 0.00000000099999999970 0.40596541568638566666 0.08435122838775931109 0.00000000099999999970 0.00000000099999999970 0.00681713291677774839 0.03634537939354062080 
0.00000000099999999595 0.00000000099999999595 0.00000000099999999595 0.00000000099999999595 0.00000000099999999595 0.00000000099999999595 0.00000000099999999595 0.99999998599999972981 0.00000000099999999595 0.00000000099999999595 0.00000000099999999595 0.00000000099999999595 0.00000000099999999595 0.00000000099999999595 0.00000000099999999595 
0.00000000099999999613 0.00000000099999999613 0.00000000099999999613 0.00000000099999999613 0.00000000099999999613 0.00000000099999999613 0.00000000099999999613 0.99999998599999972981 0.00000000099999999613 0.00000000099999999613 0.00000000099999999613 0.00000000099999999613 0.00000000099999999613 0.00000000099999999613 0.00000000099999999613 
0.00000000099999999607 0.00000000099999999607 0.00000000099999999607 0.00000000099999999607 0.00000000099999999607 0.00000000099999999607 0.00000000099999999607 0.99999998599999984084 0.00000000099999999607 0.00000000099999999607 0.00000000099999999607 0.00000000099999999607 0.00000000099999999607 0.00000000099999999607 0.00000000099999999607 
0.00000000099999999623 0.00000000099999999623 0.00000000099999999623 0.00000000099999999623 0.00000000099999999623 0.00000000099999999623 0.00000000099999999623 0.99999998599999972981 0.00000000099999999623 0.00000000099999999623 0.00000000099999999623 0.00000000099999999623 0.00000000099999999623 0.00000000099999999623 0.00000000099999999623 
