0.00000000099999999677 0.00000000099999999677 0.99999998899999975599 0.00000000099999999677 0.00000000099999999677 0.00000000099999999677 0.00000000099999999677 0.00000000099999999677 0.00000000099999999677 0.00000000099999999677 0.00000000099999999677 0.00000000099999999677 
0.00000000099999999679 0.00000000099999999679 0.99999998899999986701 0.00000000099999999679 0.00000000099999999679 0.00000000099999999679 0.00000000099999999679 0.00000000099999999679 0.00000000099999999679 0.00000000099999999679 0.00000000099999999679 0.00000000099999999679 
0.00000000099999999677 0.00000000099999999677 0.99999998899999975599 0.00000000099999999677 0.00000000099999999677 0.00000000099999999677 0.00000000099999999677 0.00000000099999999677 0.00000000099999999677 0.00000000099999999677 0.00000000099999999677 0.00000000099999999677 
0.00000000099999999997 0.40799521744024613845 0.00000000099999999997 0.00000000099999999997 0.00000000099999999997 0.20133426336011636670 0.00000000099999999997 0.39067050889561916183 0.00000000099999999997 0.00000000099999999997 0.00000000230401824974 0.00000000099999999997 
0.00000000099999999997 0.31287391169348188757 0.00000000099999999997 0.00000000099999999997 0.00000000099999999997 0.30312301462426755050 0.00000000099999999997 0.38400304895035936026 0.00000000099999999997 0.00000000099999999997 0.00000001673189105007 0.00000000099999999997 
0.00000000099999999809 0.00000000099999999809 0.99999998899999997803 0.00000000099999999809 0.00000000099999999809 0.00000000099999999809 0.00000000099999999809 0.00000000099999999809 0.00000000099999999809 0.00000000099999999809 0.00000000099999999809 0.00000000099999999809 
0.00000000099999999786 0.00000000099999999786 0.99999998899999997803 0.00000000099999999786 0.00000000099999999786 0.00000000099999999786 0.00000000099999999786 0.00000000099999999786 0.00000000099999999786 0.00000000099999999786 0.00000000099999999786 0.00000000099999999786 
0.00000000099999999804 0.00000000099999999804 0.99999998899999997803 0.00000000099999999804 0.00000000099999999804 0.00000000099999999804 0.00000000099999999804 0.00000000099999999804 0.00000000099999999804 0.00000000099999999804 0.00000000099999999804 0.00000000099999999804 
0.00000000099999999709 0.00000000099999999709 0.99999998899999986701 0.00000000099999999709 0.00000000099999999709 0.00000000099999999709 0.00000000099999999709 0.00000000099999999709 0.00000000099999999709 0.00000000099999999709 0.00000000099999999709 0.00000000099999999709 
0.00000000099999999718 0.00000000099999999718 0.99999998899999997803 0.00000000099999999718 0.00000000099999999718 0.00000000099999999718 0.00000000099999999718 0.00000000099999999718 0.00000000099999999718 0.00000000099999999718 0.00000000099999999718 0.00000000099999999718 
0.00000000099999999706 0.00000000099999999706 0.99999998899999986701 0.00000000099999999706 0.00000000099999999706 0.00000000099999999706 0.00000000099999999706 0.00000000099999999706 0.00000000099999999706 0.00000000099999999706 0.00000000099999999706 0.00000000099999999706 
0.00000000099999999686 0.00000000099999999686 0.00000000099999999686 0.00000000099999999686 0.00000000099999999686 0.99999998899999986701 0.00000000099999999686 0.00000000099999999686 0.00000000099999999686 0.00000000099999999686 0.00000000099999999686 0.00000000099999999686 
0.00000000099999999724 0.00000000099999999724 0.00000000099999999724 0.00000000099999999724 0.00000000099999999724 0.99999998899999986701 0.00000000099999999724 0.00000000099999999724 0.00000000099999999724 0.00000000099999999724 0.00000000099999999724 0.00000000099999999724 
0.00000000099999999690 0.00000000099999999690 0.00000000099999999690 0.00000000099999999690 0.00000000099999999690 0.99999998899999975599 0.00000000099999999690 0.00000000099999999690 0.00000000099999999690 0.00000000099999999690 0.00000000099999999690 0.00000000099999999690 
0.00000000099999999703 0.00000000099999999703 0.00000000099999999703 0.00000000099999999703 0.00000000099999999703 0.99999998899999986701 0.00000000099999999703 0.00000000099999999703 0.00000000099999999703 0.00000000099999999703 0.00000000099999999703 0.00000000099999999703 
0.00000000099999999952 0.00000000099999999952 0.06868175710979966542 0.00000000099999999952 0.00000000099999999952 0.86455186377687431865 0.00000000099999999952 0.00000000099999999952 0.06676637011332596516 0.00000000099999999952 0.00000000099999999952 0.00000000099999999952 
0.00000000099999999711 0.00000000099999999711 0.00000000099999999711 0.00000000099999999711 0.00000000099999999711 0.99999998899999997803 0.00000000099999999711 0.00000000099999999711 0.00000000099999999711 0.00000000099999999711 0.00000000099999999711 0.00000000099999999711 
0.00000000099999999698 0.00000000099999999698 0.00000000099999999698 0.00000000099999999698 0.00000000099999999698 0.99999998899999986701 0.00000000099999999698 0.00000000099999999698 0.00000000099999999698 0.00000000099999999698 0.00000000099999999698 0.00000000099999999698 
0.00000000099999999685 0.00000000099999999685 0.00000000099999999685 0.00000000099999999685 0.00000000099999999685 0.99999998899999986701 0.00000000099999999685 0.00000000099999999685 0.00000000099999999685 0.00000000099999999685 0.00000000099999999685 0.00000000099999999685 
0.00000000099999999691 0.00000000099999999691 0.00000000099999999691 0.00000000099999999691 0.00000000099999999691 0.99999998899999975599 0.00000000099999999691 0.00000000099999999691 0.00000000099999999691 0.00000000099999999691 0.00000000099999999691 0.00000000099999999691 
0.00000000099999999688 0.00000000099999999688 0.00000000099999999688 0.00000000099999999688 0.00000000099999999688 0.99999998899999975599 0.00000000099999999688 0.00000000099999999688 0.00000000099999999688 0.00000000099999999688 0.00000000099999999688 0.00000000099999999688 
0.00000000099999999687 0.00000000099999999687 0.00000000099999999687 0.00000000099999999687 0.00000000099999999687 0.99999998899999975599 0.00000000099999999687 0.00000000099999999687 0.00000000099999999687 0.00000000099999999687 0.00000000099999999687 0.00000000099999999687 
0.00000000099999999697 0.00000000099999999697 0.00000000099999999697 0.00000000099999999697 0.00000000099999999697 0.99999998899999986701 0.00000000099999999697 0.00000000099999999697 0.00000000099999999697 0.00000000099999999697 0.00000000099999999697 0.00000000099999999697 
0.00000000099999999699 0.00000000099999999699 0.00000000099999999699 0.00000000099999999699 0.00000000099999999699 0.99999998899999986701 0.00000000099999999699 0.00000000099999999699 0.00000000099999999699 0.00000000099999999699 0.00000000099999999699 0.00000000099999999699 
0.00000000099999999709 0.00000000099999999709 0.00000000099999999709 0.00000000099999999709 0.00000000099999999709 0.99999998899999986701 0.00000000099999999709 0.00000000099999999709 0.00000000099999999709 0.00000000099999999709 0.00000000099999999709 0.00000000099999999709 
0.00000000099999999686 0.00000000099999999686 0.00000000099999999686 0.00000000099999999686 0.00000000099999999686 0.99999998899999986701 0.00000000099999999686 0.00000000099999999686 0.00000000099999999686 0.00000000099999999686 0.00000000099999999686 0.00000000099999999686 
0.00000000099999999685 0.00000000099999999685 0.00000000099999999685 0.00000000099999999685 0.00000000099999999685 0.99999998899999975599 0.00000000099999999685 0.00000000099999999685 0.00000000099999999685 0.00000000099999999685 0.00000000099999999685 0.00000000099999999685 
0.06352064228939939550 0.00000000099999999955 0.65792934697288307788 0.00000000099999999955 0.00000000099999999955 0.00000000099999999955 0.00000000099999999955 0.00000000099999999955 0.00000000099999999955 0.27855000173771787830 0.00000000099999999955 0.00000000099999999955 
0.00000000099999999979 0.00000000099999999979 0.00000000099999999979 0.16500580230168707119 0.22990853796116020313 0.13632009308936315906 0.00000000099999999979 0.00000000099999999979 0.45676377368131138024 0.00000000099999999979 0.01200178596647804956 0.00000000099999999979 
0.03721012568355516748 0.00000000099999999943 0.03680234216235852424 0.00000000099999999943 0.00000000099999999943 0.00000000099999999943 0.00000000099999999943 0.00000000099999999943 0.00000000099999999943 0.92598752315408638935 0.00000000099999999943 0.00000000099999999943 
0.03733384972178956096 0.00082581596659541193 0.01853824884144176025 0.06951478524699890305 0.21283186110935040092 0.04393395792905509939 0.00000000099999999993 0.00837407949846673445 0.23451046331178734827 0.35482945746118027541 0.01930747891333462959 0.00000000099999999993 
0.00000000099999999802 0.00000000099999999802 0.00000000099999999802 0.00000000099999999802 0.00000000099999999802 0.00000000099999999802 0.00000000099999999802 0.00000000099999999802 0.00000000099999999802 0.99999998899999997803 0.00000000099999999802 0.00000000099999999802 
0.00000000099999999833 0.00000000099999999833 0.00000000099999999833 0.00000000099999999833 0.00000000099999999833 0.00000000099999999833 0.00000000099999999833 0.00000000099999999833 0.00000000099999999833 0.99999998899999997803 0.00000000099999999833 0.00000000099999999833 
0.00000000099999999959 0.00000000099999999959 0.00000000099999999959 0.00000000099999999959 0.06284336936842777055 0.06337706370307120973 0.00000000099999999959 0.00000000099999999959 0.85348938551814257369 0.02029017341035833921 0.00000000099999999959 0.00000000099999999959 
0.00000000099999999824 0.00000000099999999824 0.00000000099999999824 0.00000000099999999824 0.00000000099999999824 0.00000000099999999824 0.00000000099999999824 0.00000000099999999824 0.00000000099999999824 0.99999998899999997803 0.00000000099999999824 0.00000000099999999824 
0.00000000099999999830 0.00000000099999999830 0.00000000099999999830 0.00000000099999999830 0.00000000099999999830 0.00000000099999999830 0.00000000099999999830 0.00000000099999999830 0.00000000099999999830 0.99999998899999986701 0.00000000099999999830 0.00000000099999999830 
0.05957997207365196835 0.16788617631119315265 0.08785455608373603231 0.11123682257591553657 0.30324197619919263103 0.00000000099999999988 0.01068101822190306582 0.05434222356119228214 0.00000000099999999988 0.20517725097321540262 0.00000000099999999988 0.00000000099999999988 
0.01963853239206142520 0.00000000099999999992 0.01544618168863400205 0.00000000099999999992 0.13564173217656766424 0.08336415492838233909 0.00000000099999999992 0.02951686713663541350 0.17940509749451985511 0.00000000099999999992 0.41420877005105039004 0.12277866013214892849 
0.01914663506415258468 0.00697165532069448680 0.00473188732274147997 0.15722445566480022783 0.31859160102314526553 0.05794095126432844550 0.02892202983586941029 0.15040430016661548995 0.02595096902346950146 0.15643319859708695874 0.07368231571709599192 0.00000000099999999996 
0.02261857159344153254 0.00433676023499393170 0.00210545175222339722 0.08875522843914729343 0.25056408825460063650 0.04324416625602431341 0.00652218134356957399 0.10851931333530391577 0.07202889403337957297 0.20597266217580420533 0.19533268158151162464 0.00000000100000000000 
0.01348798529698839316 0.02571610751404423967 0.00000000099999999997 0.04933461304648412149 0.53423308296018778840 0.00342462068982776020 0.00347861214938193853 0.00000000099999999997 0.08570618770506940876 0.00753419635773462139 0.18475082646027451982 0.09233376582000724087 
0.01195046735033987971 0.01231826870739580887 0.05395759810764632486 0.12010074018971211851 0.29145610946057398660 0.00000000099999999999 0.00559689793425003756 0.00298394186661757278 0.00000000099999999999 0.30743467313156780385 0.17842521173389613853 0.01577608951800018797 
0.00000000099999999988 0.01876937197308497021 0.00000000099999999988 0.38744439360371363268 0.31019946559959721277 0.00280334317822225924 0.00000000099999999988 0.05990648014115645958 0.03198426637101876857 0.00000000099999999988 0.18889267413320667832 0.00000000099999999988 
0.00126149471723506360 0.05799492799608133020 0.02037329248252166963 0.13235247823338575079 0.22389654255639290792 0.00000000100000000000 0.01917989507158716564 0.02876286604418660728 0.00824965267920964827 0.45328523174341428525 0.04374646778406601072 0.01089714969191950093 
0.00000000099999999983 0.05327851535317774945 0.00000000099999999983 0.00000000099999999983 0.53297167595341365942 0.00000000099999999983 0.00000000099999999983 0.00000000099999999983 0.06621731327191052174 0.00000000099999999983 0.34753248742149800421 0.00000000099999999983 
0.00000000099999999945 0.00000000099999999945 0.00000000099999999945 0.00000000099999999945 0.00000000099999999945 0.07204483081087016683 0.00000000099999999945 0.32408992797784896833 0.30136720128290978016 0.00000000099999999945 0.27475492563257947198 0.02774310729579172394 
0.02025252031985150594 0.00000000099999999881 0.90558845187442482683 0.00000000099999999881 0.00000000099999999881 0.00000000099999999881 0.00000000099999999881 0.00000000099999999881 0.00000000099999999881 0.07415901880572367544 0.00000000099999999881 0.00000000099999999881 
0.00000000099999999934 0.00000000099999999934 0.00000000099999999934 0.00000000099999999934 0.99999998900000020008 0.00000000099999999934 0.00000000099999999934 0.00000000099999999934 0.00000000099999999934 0.00000000099999999934 0.00000000099999999934 0.00000000099999999934 
0.00000000099999999909 0.00000000099999999909 0.00000000099999999909 0.00000000099999999909 0.99999998900000008906 0.00000000099999999909 0.00000000099999999909 0.00000000099999999909 0.00000000099999999909 0.00000000099999999909 0.00000000099999999909 0.00000000099999999909 
0.00000000099999999903 0.00000000099999999903 0.00000000099999999903 0.00000000099999999903 0.99999998900000008906 0.00000000099999999903 0.00000000099999999903 0.00000000099999999903 0.00000000099999999903 0.00000000099999999903 0.00000000099999999903 0.00000000099999999903 
0.00000000099999999998 0.04312916761226218143 0.00000000099999999998 0.06061595958890025199 0.67999804362954407999 0.00000000099999999998 0.05876491686035947154 0.00000000099999999998 0.05533517574312681736 0.06136830287870876505 0.00000000099999999998 0.04078842868709846997 
0.09226151217464220733 0.04298703279484682865 0.00000142466004427265 0.00000000099999999998 0.57351232490942560815 0.00798789054605941913 0.05894202118897843429 0.00000000099999999998 0.03007259546326674846 0.19392286896589475131 0.00000000099999999998 0.00031232629684174018 
0.00000000099999999955 0.10360041805731204367 0.00000000099999999955 0.00000000099999999955 0.00000000099999999955 0.01958116557018530629 0.00000000099999999955 0.00000000099999999955 0.81351088320800080123 0.00000000099999999955 0.05008354518554627988 0.01322398097895565935 
0.00000000099999999932 0.17037196938950802116 0.00000000099999999932 0.00000000099999999932 0.00000000099999999932 0.03184225077058145531 0.00000000099999999932 0.00000000099999999932 0.79778577083991053520 0.00000000099999999932 0.00000000099999999932 0.00000000099999999932 
0.00000000099999999959 0.07420835337071041149 0.41596801784662146284 0.00000000099999999959 0.00000000099999999959 0.00000000099999999959 0.00000000099999999959 0.00000000099999999959 0.42807030563494463671 0.08175331514772345154 0.00000000099999999959 0.00000000099999999959 
0.00000000099999999929 0.19464977735617616794 0.00000000099999999929 0.00000000099999999929 0.00000000099999999929 0.03053916395274732659 0.00000000099999999929 0.00000000099999999929 0.77481104969107661429 0.00000000099999999929 0.00000000099999999929 0.00000000099999999929 
0.00000000099999999819 0.00000000099999999819 0.86548304856149882447 0.00000000099999999819 0.00000000099999999819 0.00000000099999999819 0.00000000099999999819 0.00000000099999999819 0.00000000099999999819 0.13451694143850115304 0.00000000099999999819 0.00000000099999999819 
0.00000000099999999889 0.00000000099999999889 0.00000000099999999889 0.00000000099999999889 0.00000000099999999889 0.00000000099999999889 0.00000000099999999889 0.00000000099999999889 0.99999998899999997803 0.00000000099999999889 0.00000000099999999889 0.00000000099999999889 
0.00000000099999999946 0.00000000099999999946 0.15716085994543355087 0.00000000099999999946 0.00000000099999999946 0.01501902424241332440 0.00000000099999999946 0.00000000099999999946 0.82782010681215323356 0.00000000099999999946 0.00000000099999999946 0.00000000099999999946 
0.12996373885200443454 0.00000000099999999959 0.66530769214557294866 0.00000000099999999959 0.00000000099999999959 0.00000000099999999959 0.00000000099999999959 0.00000000099999999959 0.00000000099999999959 0.20472856000242278807 0.00000000099999999959 0.00000000099999999959 
0.00100681556661461275 0.72919713933599250577 0.00000000099999999965 0.21737297740290487114 0.00000000099999999965 0.00000000099999999965 0.00000000099999999965 0.03636534849475241832 0.00000000099999999965 0.00000000099999999965 0.00000000099999999965 0.01605771219973576441 
0.00000000099999999961 0.43502434688937424712 0.00000000099999999961 0.00000000099999999961 0.00000000099999999961 0.00000000099999999961 0.00000000099999999961 0.00000000099999999961 0.50082019258942989115 0.00000000099999999961 0.06415545152119574157 0.00000000099999999961 
0.00000000099999999884 0.99999998900000020008 0.00000000099999999884 0.00000000099999999884 0.00000000099999999884 0.00000000099999999884 0.00000000099999999884 0.00000000099999999884 0.00000000099999999884 0.00000000099999999884 0.00000000099999999884 0.00000000099999999884 
0.02035684858168203271 0.00000000099999999959 0.05168379042418476399 0.00000000099999999959 0.00000000099999999959 0.00000000099999999959 0.00000000099999999959 0.00000000099999999959 0.00000000099999999959 0.92795935199413315253 0.00000000099999999959 0.00000000099999999959 
0.00000000099999999836 0.00000000099999999836 0.00000000099999999836 0.00000000099999999836 0.00000000099999999836 0.00000000099999999836 0.00000000099999999836 0.00000000099999999836 0.00000000099999999836 0.99999998899999986701 0.00000000099999999836 0.00000000099999999836 
0.04721418063909742918 0.00000000099999999983 0.00000000099999999983 0.00000000099999999983 0.12503511881902903968 0.00000000099999999983 0.01640911451610474123 0.00000000099999999983 0.00000000099999999983 0.81134157802576878371 0.00000000099999999983 0.00000000099999999983 
0.03101871069566619968 0.00000000099999999978 0.04127110147809274349 0.00000000099999999978 0.08092324808394010804 0.00000000099999999978 0.00000000099999999978 0.00000000099999999978 0.00000000099999999978 0.84678693174230112994 0.00000000099999999978 0.00000000099999999978 
0.03981290629593346730 0.00000000099999999967 0.10242928521742096504 0.00000000099999999967 0.09320393547955901914 0.00000000099999999967 0.00000000099999999967 0.00000000099999999967 0.00000000099999999967 0.76455386500708644171 0.00000000099999999967 0.00000000099999999967 
0.02559060045430810310 0.00000000099999999868 0.00000000099999999868 0.00000000099999999868 0.00000000099999999868 0.00000000099999999868 0.00000000099999999868 0.00000000099999999868 0.00000000099999999868 0.97440938954569178421 0.00000000099999999868 0.00000000099999999868 
0.03859288052866756413 0.00000000099999999952 0.00000000099999999952 0.00000000099999999952 0.00000000099999999952 0.00000000099999999952 0.00000000099999999952 0.00000000099999999952 0.00000000099999999952 0.96140710947133245501 0.00000000099999999952 0.00000000099999999952 
0.07522148416029286744 0.00000000099999999893 0.01758621960254336605 0.00000000099999999893 0.00000000099999999893 0.00000000099999999893 0.00000000099999999893 0.00000000099999999893 0.00000000099999999893 0.90719228723716371920 0.00000000099999999893 0.00000000099999999893 
0.02256670046415000866 0.00000000099999999987 0.02838779086705070162 0.00000000099999999987 0.06317477577820046486 0.12051360164291344268 0.00000000099999999987 0.00000000099999999987 0.31198620468411925044 0.44685701760870727428 0.00651390395485889739 0.00000000099999999987 
0.03235439301778666316 0.12151801525607304477 0.18726163800561962391 0.12366232750813097030 0.27027355078591447368 0.00000000099999999987 0.00000000099999999987 0.03207576782751538763 0.00000000099999999987 0.23285430259895992244 0.00000000099999999987 0.00000000099999999987 
0.07099633858614554094 0.00745994892091684115 0.05949643791334132542 0.00000000099999999980 0.24143820618944397682 0.00000000099999999980 0.01681564979790689876 0.00000000099999999980 0.00000000099999999980 0.60379341259224528216 0.00000000099999999980 0.00000000099999999980 
0.00028857963516654313 0.00934113977671708132 0.00000000099999999998 0.16466098779703350341 0.59037128126877391754 0.01337400307843180855 0.01000578686043041704 0.00000000099999999998 0.02386623537436143028 0.03822537811753168313 0.12289045199893698646 0.02697615409261673244 
0.00000000099999999991 0.08780809107093029420 0.01416750141429046206 0.00000000099999999991 0.36509136584531964864 0.00000000099999999991 0.00690592116316749924 0.02565909900212191494 0.00000000099999999991 0.47430775946943404264 0.02606025703473584254 0.00000000099999999991 
0.04867426620831303424 0.00000000099999999998 0.06477889664327618480 0.00000000099999999998 0.12251161705216592757 0.04326884500255048088 0.02011123087623697264 0.00000000099999999998 0.21625339010179653321 0.44751146190171631201 0.03689028821394459146 0.00000000099999999998 
0.00000000099999999953 0.00000000099999999953 0.00000000099999999953 0.00000000099999999953 0.04244952293736067167 0.00000000099999999953 0.00000000099999999953 0.00000000099999999953 0.00000000099999999953 0.95755046706263935441 0.00000000099999999953 0.00000000099999999953 
0.00816073877895496548 0.02080972518057408113 0.06354776163180743398 0.07807081738650695213 0.42673742984073581574 0.00000000099999999992 0.00000000099999999992 0.00497432237084164883 0.00000000099999999992 0.39242095085934564080 0.00527824995123349437 0.00000000099999999992 
0.02916678419337312422 0.00000000099999999997 0.07948162103937889134 0.04205546038591794628 0.13711443611038207080 0.23496413881544447877 0.00000000099999999997 0.00128053495100850161 0.12104190861709804294 0.31940666908811821134 0.00022541263756176128 0.03526303216171716021 
0.02883260565409327333 0.00000000099999999961 0.00000000099999999961 0.00000000099999999961 0.01492797989960779372 0.00000000099999999961 0.00000000099999999961 0.00000000099999999961 0.00000000099999999961 0.95623940544629892901 0.00000000099999999961 0.00000000099999999961 
0.00000000099999999971 0.00000000099999999971 0.50746944502774893326 0.00000000099999999971 0.05227383839403441229 0.09450842026116693106 0.00000000099999999971 0.00000000099999999971 0.34574828831704956800 0.00000000099999999971 0.00000000099999999971 0.00000000099999999971 
0.00155854509168637284 0.00000000099999999982 0.00000000099999999982 0.00000000099999999982 0.10559767266704706001 0.00000000099999999982 0.00000000099999999982 0.00000000099999999982 0.00000000099999999982 0.89284377324126651398 0.00000000099999999982 0.00000000099999999982 
0.01740689323205553418 0.06560927348324316344 0.00000000099999999997 0.37974188422898086381 0.05625443977048965455 0.12949425378634776829 0.00000000099999999997 0.10776608736658083165 0.03629982552812813928 0.01118824678888959666 0.18064238388957545856 0.01559670992570913808 
0.00000000099999999955 0.03808998003676557220 0.00000000099999999955 0.00000000099999999955 0.07294891954606244622 0.14041473444070803889 0.00000000099999999955 0.00000000099999999955 0.74854635797646396078 0.00000000099999999955 0.00000000099999999955 0.00000000099999999955 
0.00000000099999999861 0.00000000099999999861 0.00000000099999999861 0.00000000099999999861 0.00000000099999999861 0.00000000099999999861 0.00000000099999999861 0.00000000099999999861 0.00000000099999999861 0.99999998899999997803 0.00000000099999999861 0.00000000099999999861 
0.10989269348753269440 0.00000000099999999961 0.05143319217540961302 0.00000000099999999961 0.10423322920236707811 0.00000000099999999961 0.00000000099999999961 0.00000000099999999961 0.00000000099999999961 0.73444087713469041745 0.00000000099999999961 0.00000000099999999961 
0.00000000099999999957 0.00000000099999999957 0.00000000099999999957 0.92292235752023554785 0.00000000099999999957 0.00090116856707393581 0.00000000099999999957 0.01734108740004908222 0.05538825704937674899 0.00000000099999999957 0.00000000099999999957 0.00344712246326479019 
0.00000000099999999780 0.00000000099999999780 0.99999998899999997803 0.00000000099999999780 0.00000000099999999780 0.00000000099999999780 0.00000000099999999780 0.00000000099999999780 0.00000000099999999780 0.00000000099999999780 0.00000000099999999780 0.00000000099999999780 
0.00000000099999999701 0.00000000099999999701 0.99999998899999997803 0.00000000099999999701 0.00000000099999999701 0.00000000099999999701 0.00000000099999999701 0.00000000099999999701 0.00000000099999999701 0.00000000099999999701 0.00000000099999999701 0.00000000099999999701 
0.00000000099999999688 0.00000000099999999688 0.99999998899999975599 0.00000000099999999688 0.00000000099999999688 0.00000000099999999688 0.00000000099999999688 0.00000000099999999688 0.00000000099999999688 0.00000000099999999688 0.00000000099999999688 0.00000000099999999688 
0.00000000099999999808 0.00000000099999999808 0.81781537401127790687 0.00000000099999999808 0.00000000099999999808 0.00000000099999999808 0.00000000099999999808 0.00000000099999999808 0.00000000099999999808 0.18218461598872212615 0.00000000099999999808 0.00000000099999999808 
0.00000000099999999957 0.00000000099999999957 0.43063704290326032531 0.00000000099999999957 0.00000000099999999957 0.00000000099999999957 0.00000000099999999957 0.00000000099999999957 0.49372453956963247013 0.07563840852710718154 0.00000000099999999957 0.00000000099999999957 
0.07118769604599031742 0.03584572200510171419 0.19759445914963896795 0.00000000099999999998 0.01036674653598711540 0.02730528064865994642 0.00113650545500847719 0.00000000099999999998 0.45314380486244604240 0.18996880173932836899 0.01343752458404509458 0.00001345697379385203 
0.00000000099999999701 0.00000000099999999701 0.00000000099999999701 0.00000000099999999701 0.00000000099999999701 0.99999998899999986701 0.00000000099999999701 0.00000000099999999701 0.00000000099999999701 0.00000000099999999701 0.00000000099999999701 0.00000000099999999701 
0.00000000099999999698 0.00000000099999999698 0.00000000099999999698 0.00000000099999999698 0.00000000099999999698 0.99999998899999975599 0.00000000099999999698 0.00000000099999999698 0.00000000099999999698 0.00000000099999999698 0.00000000099999999698 0.00000000099999999698 
0.00000000099999999701 0.00000000099999999701 0.00000000099999999701 0.00000000099999999701 0.00000000099999999701 0.99999998899999997803 0.00000000099999999701 0.00000000099999999701 0.00000000099999999701 0.00000000099999999701 0.00000000099999999701 0.00000000099999999701 
0.00501860281176813583 0.00000000099999999983 0.00000000099999999983 0.08610826429808260407 0.32135925892882011290 0.00000000099999999983 0.00000000099999999983 0.00000000099999999983 0.11535956397709071219 0.03291630893566012406 0.43923799504857813369 0.00000000099999999983 
0.04537787741156577154 0.00000000099999999987 0.01330934320673489088 0.00000000099999999987 0.51660255554782530396 0.00000000099999999987 0.00814874499908961603 0.00000000099999999987 0.01923364439033279152 0.39732782844445163617 0.00000000099999999987 0.00000000099999999987 
0.04945912588203965621 0.01862937445405474235 0.01403555468630569326 0.00000000099999999997 0.61912149578850073084 0.01512981492933677952 0.03642964363196472127 0.00000000099999999997 0.02128518089675959443 0.19585241563259289665 0.00000000099999999997 0.03005739109844526857 
0.08801487994795302583 0.00000000099999999983 0.02390605967909853122 0.00000000099999999983 0.77017556126875152955 0.00000000099999999983 0.03836400542369476641 0.00000000099999999983 0.00000000099999999983 0.07953948668050227211 0.00000000099999999983 0.00000000099999999983 
0.00000000099999999979 0.00000000099999999979 0.00000000099999999979 0.00000000099999999979 0.97636269033910727533 0.00000000099999999979 0.02363729966089295545 0.00000000099999999979 0.00000000099999999979 0.00000000099999999979 0.00000000099999999979 0.00000000099999999979 
0.00000000099999999974 0.00000000099999999974 0.00000000099999999974 0.00000000099999999974 0.37384388120328032601 0.01598288464293623479 0.00000000099999999974 0.03410852780080727426 0.11403073274391528624 0.00000000099999999974 0.33564336730955335319 0.12639060029950752173 
0.00000000099999999771 0.00000000099999999771 0.00000000099999999771 0.00000000099999999771 0.00000000099999999771 0.00000000099999999771 0.99999998899999986701 0.00000000099999999771 0.00000000099999999771 0.00000000099999999771 0.00000000099999999771 0.00000000099999999771 
0.00000000099999999694 0.00000000099999999694 0.00000000099999999694 0.00000000099999999694 0.00000000099999999694 0.00000000099999999694 0.99999998899999975599 0.00000000099999999694 0.00000000099999999694 0.00000000099999999694 0.00000000099999999694 0.00000000099999999694 
0.00000000099999999936 0.00000000099999999936 0.00000000099999999936 0.00000000099999999936 0.06702313474987796338 0.00000000099999999936 0.93297685525012208352 0.00000000099999999936 0.00000000099999999936 0.00000000099999999936 0.00000000099999999936 0.00000000099999999936 
0.00000000099999999770 0.00000000099999999770 0.00000000099999999770 0.00000000099999999770 0.00000000099999999770 0.00000000099999999770 0.99999998899999975599 0.00000000099999999770 0.00000000099999999770 0.00000000099999999770 0.00000000099999999770 0.00000000099999999770 
0.00000000099999999688 0.00000000099999999688 0.00000000099999999688 0.00000000099999999688 0.00000000099999999688 0.00000000099999999688 0.99999998899999964497 0.00000000099999999688 0.00000000099999999688 0.00000000099999999688 0.00000000099999999688 0.00000000099999999688 
0.00000000099999999680 0.00000000099999999680 0.00000000099999999680 0.00000000099999999680 0.00000000099999999680 0.00000000099999999680 0.99999998899999964497 0.00000000099999999680 0.00000000099999999680 0.00000000099999999680 0.00000000099999999680 0.00000000099999999680 
0.00000000099999999669 0.00000000099999999669 0.00000000099999999669 0.00000000099999999669 0.00000000099999999669 0.00000000099999999669 0.99999998899999975599 0.00000000099999999669 0.00000000099999999669 0.00000000099999999669 0.00000000099999999669 0.00000000099999999669 
0.00893535821492577077 0.06841976948305167339 0.00000000099999999985 0.11214390224116364825 0.27430200874438798175 0.00000000099999999985 0.00000000099999999985 0.10495132023615062755 0.05950034990516760852 0.00000000099999999985 0.37174728617515251372 0.00000000099999999985 
0.00000000099999999683 0.00000000099999999683 0.00000000099999999683 0.00000000099999999683 0.00000000099999999683 0.00000000099999999683 0.99999998899999964497 0.00000000099999999683 0.00000000099999999683 0.00000000099999999683 0.00000000099999999683 0.00000000099999999683 
0.00000000099999999696 0.00000000099999999696 0.00000000099999999696 0.00000000099999999696 0.00000000099999999696 0.00000000099999999696 0.99999998899999964497 0.00000000099999999696 0.00000000099999999696 0.00000000099999999696 0.00000000099999999696 0.00000000099999999696 
0.00000000099999999691 0.00000000099999999691 0.00000000099999999691 0.00000000099999999691 0.00000000099999999691 0.00000000099999999691 0.99999998899999975599 0.00000000099999999691 0.00000000099999999691 0.00000000099999999691 0.00000000099999999691 0.00000000099999999691 
0.00000000099999999703 0.00000000099999999703 0.00000000099999999703 0.00000000099999999703 0.00000000099999999703 0.00000000099999999703 0.99999998899999975599 0.00000000099999999703 0.00000000099999999703 0.00000000099999999703 0.00000000099999999703 0.00000000099999999703 
0.00000000099999999667 0.00000000099999999667 0.00000000099999999667 0.00000000099999999667 0.00000000099999999667 0.00000000099999999667 0.99999998899999964497 0.00000000099999999667 0.00000000099999999667 0.00000000099999999667 0.00000000099999999667 0.00000000099999999667 
0.00000000099999999674 0.00000000099999999674 0.00000000099999999674 0.00000000099999999674 0.00000000099999999674 0.00000000099999999674 0.99999998899999975599 0.00000000099999999674 0.00000000099999999674 0.00000000099999999674 0.00000000099999999674 0.00000000099999999674 
0.02627903253565939262 0.02228963108801865906 0.00000000099999999980 0.64962067548009183593 0.08386513083867505602 0.02441808769020828440 0.00000000099999999980 0.00000000099999999980 0.18731524611508076905 0.00621219125226623193 0.00000000099999999980 0.00000000099999999980 
0.00000000099999999965 0.00000000099999999965 0.00000000099999999965 0.80320287352934438552 0.03860078707032307821 0.02450896896211521292 0.00000000099999999965 0.00000000099999999965 0.00000000099999999965 0.00000000099999999965 0.07754647718094632991 0.05614088625727096937 
0.00000000099999999939 0.00000000099999999939 0.00000000099999999939 0.89063778062549958658 0.00000000099999999939 0.00000000099999999939 0.00000000099999999939 0.01276443212943564019 0.00000000099999999939 0.00000000099999999939 0.01863182659835778410 0.07796595264670704017 
0.09665176535747080355 0.02127506439843117672 0.02667554935491387585 0.52475365294223874635 0.03469578745905632644 0.02271437128519950346 0.00000000099999999995 0.00000000099999999995 0.00000000099999999995 0.27323380340842018388 0.00000000099999999995 0.00000000179426960971 
0.00000000099999999972 0.02035951292943802282 0.00000000099999999972 0.86903095478885883374 0.00500203310281410827 0.00000000099999999972 0.00000000099999999972 0.00000000099999999972 0.02780092285182618125 0.00000000099999999972 0.06643185251110216016 0.01137471781596081401 
0.00000000099999999967 0.00274395043348492915 0.00000000099999999967 0.74275754174969876864 0.00000000099999999967 0.00420805358318339026 0.00000000099999999967 0.00000000099999999967 0.00000000099999999967 0.00000000099999999967 0.16800671146624268637 0.08228373576739043960 
0.00000000099999999966 0.00199682827584964735 0.00000000099999999966 0.74110157296518486270 0.00000000099999999966 0.00400355876008964568 0.00000000099999999966 0.00000000099999999966 0.00000000099999999966 0.00000000099999999966 0.16946180881510825023 0.08343622418376778205 
0.00000000099999999959 0.00000000099999999959 0.00000000099999999959 0.99999998900000020008 0.00000000099999999959 0.00000000099999999959 0.00000000099999999959 0.00000000099999999959 0.00000000099999999959 0.00000000099999999959 0.00000000099999999959 0.00000000099999999959 
0.00000000099999999946 0.05305304896006867582 0.00000000099999999946 0.72444096878211916568 0.00000000099999999946 0.00000000099999999946 0.00000000099999999946 0.00000000099999999946 0.00000000099999999946 0.00000000099999999946 0.22250597325781243385 0.00000000099999999946 
0.06886219847609330313 0.11336389277031071188 0.26585011113475809363 0.28207699697037091902 0.00000000099999999991 0.01372315244007179386 0.00000000099999999991 0.00000000099999999991 0.01973526410207658913 0.10896497557266891787 0.12742340453364969788 0.00000000099999999991 
0.00000000099999999950 0.13238249672784682676 0.00000000099999999950 0.61276609931438164036 0.00000000099999999950 0.01742178413201939807 0.00000000099999999950 0.04381878921005511601 0.00000000099999999950 0.00000000099999999950 0.19361082361569706412 0.00000000099999999950 
0.06803487327764538850 0.11369774513660263482 0.26631061357021607039 0.28228901697092667611 0.00000000099999999991 0.01100173280056938180 0.00000000099999999991 0.00000000099999999991 0.02079704993068036412 0.11006695986845183022 0.12780200444490785738 0.00000000099999999991 
0.00000000099999999957 0.00000000099999999957 0.00000000099999999957 0.47612255882839765730 0.00000000099999999957 0.00000000099999999957 0.00000000099999999957 0.06039861522320297271 0.06520915243295402619 0.00000000099999999957 0.24719924349303137867 0.15107042302241388554 
0.00000000099999999993 0.00000000099999999993 0.00000000099999999993 0.38316770791410520447 0.14833390325642670238 0.04237879134133315517 0.01127654084682508905 0.00000000099999999993 0.15111386871558057932 0.00000000099999999993 0.19157131133974183990 0.07215787158598745143 
0.00000000099999999981 0.00000000099999999981 0.00000000099999999981 0.00813954118861574642 0.13631715357278786915 0.45008547260003922696 0.00000000099999999981 0.00000000099999999981 0.40328746729945530447 0.00000000099999999981 0.00000000099999999981 0.00217035833910208175 
0.00000000099999999954 0.00000000099999999954 0.00000000099999999954 0.00000000099999999954 0.03945679149890952281 0.14935658598055789881 0.00000000099999999954 0.00000000099999999954 0.81118661352053256230 0.00000000099999999954 0.00000000099999999954 0.00000000099999999954 
0.00000000099999999962 0.00000000099999999962 0.00000000099999999962 0.00000000099999999962 0.03184434920372021527 0.03044068808702664330 0.00000000099999999962 0.00000000099999999962 0.75339211628887936545 0.00000000099999999962 0.09272423398577898934 0.09159860543459467930 
0.00000000099999999977 0.00000000099999999977 0.00000000099999999977 0.40121901915324237331 0.12398718131399467934 0.02667671890316224495 0.00000000099999999977 0.18445908265858165787 0.00000000099999999977 0.00000000099999999977 0.03469166496582961473 0.22896632700518959602 
0.00000000099999999976 0.00000000099999999976 0.00000000099999999976 0.42432127002048908304 0.09987939464278798585 0.00000000099999999976 0.00000000099999999976 0.19565326896732698758 0.00000000099999999976 0.00000000099999999976 0.03635407685174744247 0.24379198251764863659 
0.00000000099999999975 0.05318597124889451466 0.00000000099999999975 0.35849701914223630617 0.17235443116714363465 0.00000000099999999975 0.00000000099999999975 0.09243431437484940505 0.00000000099999999975 0.00000000099999999975 0.18003042410561762021 0.14349783396125867507 
0.00000000099999999985 0.01379499779915797052 0.00000000099999999985 0.27465351564215711999 0.04694781104809461758 0.00000000099999999985 0.00000000099999999985 0.07929256046513941114 0.07548204429658690595 0.00395816719293835047 0.42884980964935842662 0.07702108990656721110 
0.00000000099999999965 0.02531630839967472998 0.00000000099999999965 0.21467320569599634972 0.00000000099999999965 0.05738685922938102646 0.00000000099999999965 0.01093379276102073548 0.24805930679595214472 0.00000000099999999965 0.30654421003782611477 0.13708631208014890324 
0.00000000099999999983 0.00000000099999999983 0.00000000099999999983 0.42039999510277281658 0.12713307095519446599 0.00000000099999999983 0.00000000099999999983 0.23705208884718984019 0.05820917237162837043 0.00000000099999999983 0.15513120753529774376 0.00207445918791669768 
0.00000000099999999979 0.00000000099999999979 0.00000000099999999979 0.06737756078092631273 0.00000000099999999979 0.00479847251500840205 0.00000000099999999979 0.03777797572485541711 0.48105617922117643870 0.00000000099999999979 0.31517489494585143595 0.09381491081218207295 
0.00000000099999999963 0.00000000099999999963 0.00000000099999999963 0.09005892043881133513 0.00000000099999999963 0.05875408311423204605 0.00000000099999999963 0.02391350094706746685 0.68429439332190467038 0.00000000099999999963 0.11755251151682612198 0.02542658466115837665 
0.00000000099999999860 0.00000000099999999860 0.00000000099999999860 0.00000000099999999860 0.00000000099999999860 0.00000000099999999860 0.00000000099999999860 0.35795535102541747863 0.64204463897458241561 0.00000000099999999860 0.00000000099999999860 0.00000000099999999860 
0.00000000099999999843 0.00000000099999999843 0.00000000099999999843 0.00000000099999999843 0.00000000099999999843 0.00000000099999999843 0.00000000099999999843 0.00000000099999999843 0.99999998899999997803 0.00000000099999999843 0.00000000099999999843 0.00000000099999999843 
