0.99999999000000006077 0.00000000099999999744 0.00000000099999999744 0.00000000099999999744 0.00000000099999999744 0.00000000099999999744 0.00000000099999999744 0.00000000099999999744 0.00000000099999999744 0.00000000099999999744 0.00000000099999999744 
0.99999999000000006077 0.00000000099999999745 0.00000000099999999745 0.00000000099999999745 0.00000000099999999745 0.00000000099999999745 0.00000000099999999745 0.00000000099999999745 0.00000000099999999745 0.00000000099999999745 0.00000000099999999745 
0.99999998999999994975 0.00000000099999999744 0.00000000099999999744 0.00000000099999999744 0.00000000099999999744 0.00000000099999999744 0.00000000099999999744 0.00000000099999999744 0.00000000099999999744 0.00000000099999999744 0.00000000099999999744 
0.00000000099999999997 0.27851130087234687860 0.00000025929178176069 0.00000000099999999997 0.00000000099999999997 0.00000000099999999997 0.00000000099999999997 0.00000000099999999997 0.00000000099999999997 0.25480523596968557287 0.46668319686618570108 
0.00000000099999999997 0.28343995033387747728 0.00000001081812519415 0.00000000099999999997 0.00000000099999999997 0.00000000099999999997 0.00000000099999999997 0.00000000099999999997 0.00000000099999999997 0.18284746063114029613 0.53371257121685700131 
0.64554008705466037199 0.00000000099999999817 0.00000000099999999817 0.00000000099999999817 0.35445990394533971601 0.00000000099999999817 0.00000000099999999817 0.00000000099999999817 0.00000000099999999817 0.00000000099999999817 0.00000000099999999817 
0.68458455077562296864 0.00000000099999999804 0.00000000099999999804 0.00000000099999999804 0.31541544022437706385 0.00000000099999999804 0.00000000099999999804 0.00000000099999999804 0.00000000099999999804 0.00000000099999999804 0.00000000099999999804 
0.99999999000000017180 0.00000000099999999854 0.00000000099999999854 0.00000000099999999854 0.00000000099999999854 0.00000000099999999854 0.00000000099999999854 0.00000000099999999854 0.00000000099999999854 0.00000000099999999854 0.00000000099999999854 
0.99999999000000006077 0.00000000099999999772 0.00000000099999999772 0.00000000099999999772 0.00000000099999999772 0.00000000099999999772 0.00000000099999999772 0.00000000099999999772 0.00000000099999999772 0.00000000099999999772 0.00000000099999999772 
0.99999999000000006077 0.00000000099999999770 0.00000000099999999770 0.00000000099999999770 0.00000000099999999770 0.00000000099999999770 0.00000000099999999770 0.00000000099999999770 0.00000000099999999770 0.00000000099999999770 0.00000000099999999770 
0.99999998999999994975 0.00000000099999999762 0.00000000099999999762 0.00000000099999999762 0.00000000099999999762 0.00000000099999999762 0.00000000099999999762 0.00000000099999999762 0.00000000099999999762 0.00000000099999999762 0.00000000099999999762 
0.00000000099999999694 0.00000000099999999694 0.00000000099999999694 0.00000000099999999694 0.00000000099999999694 0.00000000099999999694 0.00000000099999999694 0.00000000099999999694 0.00000000099999999694 0.00000000099999999694 0.99999999000000006077 
0.00000000099999999730 0.00000000099999999730 0.00000000099999999730 0.00000000099999999730 0.00000000099999999730 0.00000000099999999730 0.00000000099999999730 0.00000000099999999730 0.00000000099999999730 0.00000000099999999730 0.99999999000000006077 
0.00000000099999999698 0.00000000099999999698 0.00000000099999999698 0.00000000099999999698 0.00000000099999999698 0.00000000099999999698 0.00000000099999999698 0.00000000099999999698 0.00000000099999999698 0.00000000099999999698 0.99999998999999994975 
0.00000000099999999710 0.00000000099999999710 0.00000000099999999710 0.00000000099999999710 0.00000000099999999710 0.00000000099999999710 0.00000000099999999710 0.00000000099999999710 0.00000000099999999710 0.00000000099999999710 0.99999999000000006077 
0.00000000099999999941 0.00000000099999999941 0.00000000099999999941 0.00000000099999999941 0.07533007989259798975 0.05869488398284010422 0.00000000099999999941 0.00000000099999999941 0.00000000099999999941 0.00000000099999999941 0.86597502812456195187 
0.00000000099999999717 0.00000000099999999717 0.00000000099999999717 0.00000000099999999717 0.00000000099999999717 0.00000000099999999717 0.00000000099999999717 0.00000000099999999717 0.00000000099999999717 0.00000000099999999717 0.99999999000000006077 
0.00000000099999999706 0.00000000099999999706 0.00000000099999999706 0.00000000099999999706 0.00000000099999999706 0.00000000099999999706 0.00000000099999999706 0.00000000099999999706 0.00000000099999999706 0.00000000099999999706 0.99999998999999994975 
0.00000000099999999693 0.00000000099999999693 0.00000000099999999693 0.00000000099999999693 0.00000000099999999693 0.00000000099999999693 0.00000000099999999693 0.00000000099999999693 0.00000000099999999693 0.00000000099999999693 0.99999998999999994975 
0.00000000099999999699 0.00000000099999999699 0.00000000099999999699 0.00000000099999999699 0.00000000099999999699 0.00000000099999999699 0.00000000099999999699 0.00000000099999999699 0.00000000099999999699 0.00000000099999999699 0.99999998999999994975 
0.00000000099999999697 0.00000000099999999697 0.00000000099999999697 0.00000000099999999697 0.00000000099999999697 0.00000000099999999697 0.00000000099999999697 0.00000000099999999697 0.00000000099999999697 0.00000000099999999697 0.99999999000000006077 
0.00000000099999999697 0.00000000099999999697 0.00000000099999999697 0.00000000099999999697 0.00000000099999999697 0.00000000099999999697 0.00000000099999999697 0.00000000099999999697 0.00000000099999999697 0.00000000099999999697 0.99999998999999994975 
0.00000000099999999705 0.00000000099999999705 0.00000000099999999705 0.00000000099999999705 0.00000000099999999705 0.00000000099999999705 0.00000000099999999705 0.00000000099999999705 0.00000000099999999705 0.00000000099999999705 0.99999998999999994975 
0.00000000099999999706 0.00000000099999999706 0.00000000099999999706 0.00000000099999999706 0.00000000099999999706 0.00000000099999999706 0.00000000099999999706 0.00000000099999999706 0.00000000099999999706 0.00000000099999999706 0.99999999000000006077 
0.00000000099999999717 0.00000000099999999717 0.00000000099999999717 0.00000000099999999717 0.00000000099999999717 0.00000000099999999717 0.00000000099999999717 0.00000000099999999717 0.00000000099999999717 0.00000000099999999717 0.99999998999999994975 
0.00000000099999999695 0.00000000099999999695 0.00000000099999999695 0.00000000099999999695 0.00000000099999999695 0.00000000099999999695 0.00000000099999999695 0.00000000099999999695 0.00000000099999999695 0.00000000099999999695 0.99999998999999994975 
0.00000000099999999694 0.00000000099999999694 0.00000000099999999694 0.00000000099999999694 0.00000000099999999694 0.00000000099999999694 0.00000000099999999694 0.00000000099999999694 0.00000000099999999694 0.00000000099999999694 0.99999998999999994975 
0.67199322546661133249 0.00000000099999999949 0.00000000099999999949 0.00000000099999999949 0.00000000099999999949 0.00000000099999999949 0.05180849199921015030 0.27619827453417872265 0.00000000099999999949 0.00000000099999999949 0.00000000099999999949 
0.00000000099999999998 0.02204446554700816019 0.16438151548575816174 0.00000000099999999998 0.00000000099999999998 0.48704513288607365062 0.00000000099999999998 0.02457119131384186139 0.02518791721339122200 0.12419392650380287058 0.15257584705012411375 
0.00000000099999999926 0.00000000099999999926 0.00000000099999999926 0.00000000099999999926 0.00000000099999999926 0.00000000099999999926 0.00000000099999999926 0.99999998999999994975 0.00000000099999999926 0.00000000099999999926 0.00000000099999999926 
0.00029962974632488540 0.03262453946864377063 0.08645522949907093191 0.08129194337320931607 0.03617982484679165694 0.25132209763145063608 0.03549839433288166229 0.31803565069217354377 0.02239162591132955182 0.08186641215018421180 0.05403465234793988076 
0.00000000099999999805 0.00000000099999999805 0.00000000099999999805 0.00000000099999999805 0.00000000099999999805 0.00000000099999999805 0.00000000099999999805 0.99999998999999994975 0.00000000099999999805 0.00000000099999999805 0.00000000099999999805 
0.00000000099999999826 0.00000000099999999826 0.00000000099999999826 0.00000000099999999826 0.00000000099999999826 0.00000000099999999826 0.00000000099999999826 0.99999998999999994975 0.00000000099999999826 0.00000000099999999826 0.00000000099999999826 
0.00000000099999999968 0.00000000099999999968 0.00000000099999999968 0.00000000099999999968 0.00000000099999999968 0.88921341283249166754 0.00000000099999999968 0.04398362263669290673 0.00000000099999999968 0.00000000099999999968 0.06680295653081542995 
0.00000000099999999815 0.00000000099999999815 0.00000000099999999815 0.00000000099999999815 0.00000000099999999815 0.00000000099999999815 0.00000000099999999815 0.99999998999999994975 0.00000000099999999815 0.00000000099999999815 0.00000000099999999815 
0.00000000099999999821 0.00000000099999999821 0.00000000099999999821 0.00000000099999999821 0.00000000099999999821 0.00000000099999999821 0.00000000099999999821 0.99999998999999994975 0.00000000099999999821 0.00000000099999999821 0.00000000099999999821 
0.10486912527623920566 0.07781265954105402727 0.10927337249755941784 0.01383073684399978472 0.00000000099999999996 0.00000000099999999996 0.04844115880942190949 0.26201066440796716428 0.05244898188532047534 0.31381670026760005721 0.01749659847083760364 
0.03093975107258216742 0.00000000099999999996 0.59975962590162046340 0.00000098771485606557 0.00000000099999999996 0.22095241105136234627 0.02173464747499379707 0.02040390498487070978 0.01739287505842459017 0.00000000099999999996 0.08881579374128992233 
0.02776886214410350870 0.18998497406565598156 0.19461056513830629622 0.06825376210765335405 0.00000000099999999998 0.06482843863886685043 0.02416807695287150753 0.13788461788363579053 0.06960051291162262788 0.15109479169535569576 0.07180539746192841910 
0.02038916139611491110 0.10803853969852507400 0.30893220980740465631 0.04559846440817792723 0.00000000100000000000 0.10575444451359927722 0.01850611806252481367 0.20987758999615974131 0.03369384566839175865 0.09813215087811461013 0.05107747457098712335 
0.00000000099999999999 0.00000000099999999999 0.39933350643474835318 0.01520853433856021210 0.01802014753173127731 0.14414239814960003172 0.01849231799305305762 0.07508993552212141209 0.07783673844681306131 0.23153180893795127782 0.02034461064542130229 
0.07147356160022810823 0.04283915170910602976 0.30829747481131947184 0.08802057797043628951 0.00000000099999999997 0.02774893423604254603 0.01153309331422196389 0.28058645073586380159 0.04015094698614561641 0.12458476049574343514 0.00476504714089260976 
0.00579412546954068391 0.17848160105459462410 0.41931257823857459588 0.00000000099999999997 0.00601304580716872320 0.06218849437883340603 0.00000000099999999997 0.03401414290585207806 0.02377537150035633970 0.24758570861632150928 0.02283493002875804784 
0.03389411410633906552 0.06069434949081644465 0.16711383833156473466 0.34284516412793358819 0.00158227728244968321 0.01192360496220713599 0.01112144542759783625 0.14209677804063322593 0.04693210821203010891 0.16387224716585813145 0.01792407285257015606 
0.01445619414493740616 0.00000000099999999992 0.44688380715395203957 0.00000000099999999992 0.00601372873011270237 0.13964068385686290164 0.00000000099999999992 0.09761570925819866573 0.03726793677791630233 0.25812193607801997564 0.00000000099999999992 
0.00000000099999999928 0.31992069327941652368 0.28272076861619416244 0.00000000099999999928 0.00000000099999999928 0.33090026878415867984 0.00000000099999999928 0.00000000099999999928 0.00000000099999999928 0.00000000099999999928 0.06645826232023077651 
0.91196799544534390414 0.00000000099999999891 0.00000000099999999891 0.00000000099999999891 0.00000000099999999891 0.00000000099999999891 0.00000003991464048959 0.08803195664001571552 0.00000000099999999891 0.00000000099999999891 0.00000000099999999891 
0.01526265700548725367 0.00000026600134512939 0.18713972678638171598 0.00014576081499231535 0.00000000099999999999 0.02095328229415506158 0.00000000099999999999 0.12089310193875749122 0.14492116118403863823 0.46574014822942988445 0.04494389374541236243 
0.02823204757357004185 0.00000000099999999998 0.19692175213310095239 0.00000000099999999998 0.00000000099999999998 0.02148654161040931126 0.01262479514670465479 0.11727894526137087883 0.13825454193359587585 0.44236930832289045323 0.04283206501835770674 
0.02171225178745604667 0.00000000099999999997 0.20597487386187424141 0.00000000099999999997 0.00000000099999999997 0.01174875256293693958 0.00068041346760804771 0.12551857992202114511 0.13943624639616478134 0.45391839667613026466 0.04101048232580866565 
0.01826193372725407049 0.01548800925290374879 0.17839245378240159434 0.03296869131820821808 0.01842637722401351680 0.10111950586352162762 0.01772742670877592783 0.13453166488673157231 0.15381221387904722708 0.29810526642385709595 0.03116645693328532613 
0.03694123204613237316 0.00000000099999999998 0.09098529672867372575 0.06323352970237673676 0.00000000099999999998 0.07642076801801499231 0.08440329793848612427 0.25613999952909621838 0.13763389478901472129 0.22184309764769341577 0.03239888160051176275 
0.00000000099999999946 0.00000000099999999946 0.06034109776514040568 0.00000000099999999946 0.00000000099999999946 0.81817362505451507459 0.00000000099999999946 0.00000000099999999946 0.00000000099999999946 0.09869558909415096504 0.02278968108619366245 
0.00000000099999999937 0.00000000099999999937 0.00000000099999999937 0.00000000099999999937 0.00000000099999999937 0.79815641858329444691 0.00000000099999999937 0.00000000099999999937 0.00000000099999999937 0.16480771654451770170 0.03703585687218794581 
0.00000000099999999956 0.00000000099999999956 0.00000000099999999956 0.00000000099999999956 0.50547874706669648770 0.43542813597660956493 0.00000000099999999956 0.00000000099999999956 0.00000000099999999956 0.05909310895669385444 0.00000000099999999956 
0.00000000099999999929 0.00000000099999999929 0.00000000099999999929 0.00000000099999999929 0.00000000099999999929 0.77381071304850568282 0.00000000099999999929 0.00000000099999999929 0.00000000099999999929 0.18777125217913989697 0.03841802677235441749 
0.00000000099999999736 0.00000000099999999736 0.00000000099999999736 0.00000000099999999736 0.99999998999999994975 0.00000000099999999736 0.00000000099999999736 0.00000000099999999736 0.00000000099999999736 0.00000000099999999736 0.00000000099999999736 
0.00000000099999999889 0.00000000099999999889 0.00000000099999999889 0.00000000099999999889 0.00000000099999999889 0.99999999000000006077 0.00000000099999999889 0.00000000099999999889 0.00000000099999999889 0.00000000099999999889 0.00000000099999999889 
0.03085741617038770951 0.00000000099999999951 0.00000000099999999951 0.00000000099999999951 0.12979984838402761071 0.81980592884310521384 0.00000000099999999951 0.00000000099999999951 0.00000000099999999951 0.00000000099999999951 0.01953679960247959799 
0.66088485740591629281 0.00000000099999999952 0.00000000099999999952 0.00000000099999999952 0.00000000099999999952 0.00000000099999999952 0.11420656069638145114 0.22490857389770249619 0.00000000099999999952 0.00000000099999999952 0.00000000099999999952 
0.00000000099999999944 0.17469630082125589543 0.00000000099999999944 0.00000000099999999944 0.00000000099999999944 0.00000000099999999944 0.00000000099999999944 0.00000000099999999944 0.00000000099999999944 0.82530369017874405380 0.00000000099999999944 
0.00000000099999999947 0.00000000099999999947 0.00002404082465857304 0.00000000099999999947 0.00000000099999999947 0.52454782007746358907 0.00000000099999999947 0.00000000099999999947 0.00000000099999999947 0.47542813109787784853 0.00000000099999999947 
0.00000000099999999886 0.00000000099999999886 0.00000000099999999886 0.00000000099999999886 0.00000000099999999886 0.00000000099999999886 0.00000000099999999886 0.00000000099999999886 0.00000000099999999886 0.99999998999999994975 0.00000000099999999886 
0.03719771381491058376 0.00000000099999999935 0.00000000099999999935 0.00000000099999999935 0.00345229741900666878 0.00000000099999999935 0.00000000099999999935 0.95934998076608268835 0.00000000099999999935 0.00000000099999999935 0.00000000099999999935 
0.00000000099999999892 0.00000000099999999892 0.00000000099999999892 0.59471912280362648762 0.00000000099999999892 0.00000000099999999892 0.00000000099999999892 0.40528086819637343385 0.00000000099999999892 0.00000000099999999892 0.00000000099999999892 
0.00000000099999999996 0.00000000099999999996 0.00000000099999999996 0.28205886924734363541 0.01754475006247267765 0.00000000099999999996 0.04255699761158771716 0.58114931387674440000 0.03246281357239858001 0.03390932828865933502 0.01031792334079351461 
0.04529544612963982281 0.00000000099999999994 0.00000000099999999994 0.17569964328063758519 0.00000000099999999994 0.00000000099999999994 0.02009396037883391314 0.75302222882487690470 0.00000000099999999994 0.00000000099999999994 0.00588871538601173829 
0.11475914386249899679 0.00000000099999999983 0.00000000099999999983 0.00000000099999999983 0.00000000099999999983 0.00000000099999999983 0.02532607174844271614 0.85991477638905833292 0.00000000099999999983 0.00000000099999999983 0.00000000099999999983 
0.00000000099999999851 0.00000000099999999851 0.00000000099999999851 0.00000000099999999851 0.00000000099999999851 0.00000000099999999851 0.00000000099999999851 0.99999998999999983873 0.00000000099999999851 0.00000000099999999851 0.00000000099999999851 
0.00000000099999999896 0.00000000099999999896 0.00000000099999999896 0.00000000099999999896 0.00000000099999999896 0.00000000099999999896 0.00000000099999999896 0.99999998999999983873 0.00000000099999999896 0.00000000099999999896 0.00000000099999999896 
0.00855843763609770956 0.00000000099999999885 0.00000000099999999885 0.00000000099999999885 0.00000000099999999885 0.00000000099999999885 0.01211597805431755687 0.97932557630958461115 0.00000000099999999885 0.00000000099999999885 0.00000000099999999885 
0.03460024288090246536 0.00000000099999999994 0.00328184997450220277 0.00000000099999999994 0.00000000099999999994 0.33139133820948329934 0.00003648796585412765 0.50460186216834868045 0.00000000099999999994 0.00000000099999999994 0.12608821380090928788 
0.20073628066225066013 0.06445420152161950023 0.09062822124447701688 0.00979473089941054580 0.00000000099999999992 0.00000000099999999992 0.02002328674833871863 0.29568011745794831047 0.02948014073330818344 0.26970670722589595858 0.01949631150675096292 
0.03435325369012560276 0.00000000099999999998 0.00000000099999999998 0.19831170542517781441 0.06052651598639365721 0.02712684418717982091 0.07106691405209700219 0.45906082623925398289 0.05087808524292988105 0.09855297330061837946 0.00012287987622370525 
0.01512602243366157131 0.01591382659950800124 0.33777996652569175495 0.00000000099999999999 0.01026018221494061529 0.08985543718959967951 0.01495719146533041992 0.13529657328937291783 0.08769452566816637873 0.25620396039476089900 0.03691231321896772805 
0.00129623008781205276 0.02274546571580450191 0.09418748395963794096 0.23505416352172184280 0.05315930092289046505 0.00000000099999999998 0.00000000099999999998 0.29312568066785144039 0.05839786283536232969 0.22600050289908665824 0.01603330738983276688 
0.00000000099999999999 0.00000000099999999999 0.05757286765012909618 0.20890393904098641942 0.10628327102734073939 0.22757352169536193554 0.05332243853065488787 0.22708852346616201223 0.03473375439329470099 0.03544586914007447770 0.04907581305599573174 
0.00000000099999999900 0.00000000099999999900 0.00000000099999999900 0.00000000099999999900 0.00000000099999999900 0.00000000099999999900 0.00000000099999999900 0.99999998999999994975 0.00000000099999999900 0.00000000099999999900 0.00000000099999999900 
0.08004162576507960203 0.00869160120841979029 0.13348869099287313800 0.00000000099999999998 0.00000000099999999998 0.03060383322198809153 0.00003438853104763585 0.51817603269120626752 0.05133136003497983102 0.17763246455440556693 0.00000000099999999998 
0.07098045478021906829 0.04003028974901872566 0.06288177000065615918 0.00000000099999999999 0.01192534770061489877 0.14243836249864685883 0.01715942221363367381 0.39103293877235612008 0.00023319034497055140 0.02709827712598892810 0.23621994581389482715 
0.00000000099999999893 0.00000000099999999893 0.00000000099999999893 0.00000000099999999893 0.00000000099999999893 0.00000000099999999893 0.00000000099999999893 0.99999998999999994975 0.00000000099999999893 0.00000000099999999893 0.00000000099999999893 
0.50643433365318368811 0.00000000099999999981 0.00000000099999999981 0.00000000099999999981 0.00000000099999999981 0.37554488278071002094 0.00000000099999999981 0.02011031880661135265 0.00000000099999999981 0.00000000099999999981 0.09791045775949522301 
0.00000000099999999988 0.00000000099999999988 0.00000000099999999988 0.05489704773656367554 0.00000000099999999988 0.01053334897235856139 0.00000000099999999988 0.92360573152942559982 0.00000000099999999988 0.00000000099999999988 0.01096386476165210969 
0.00000000099999999994 0.20605168490251843383 0.37911598313358207957 0.00000000099999999994 0.00000000099999999994 0.05593738309964994826 0.01756381034030794069 0.01718765636912621131 0.00267149685901051353 0.17758931409258205125 0.14388266820322287431 
0.00000000099999999963 0.00000000099999999963 0.00000000099999999963 0.00000000099999999963 0.00000000099999999963 0.77903053046855352815 0.00000000099999999963 0.00000000099999999963 0.00644281678322481451 0.07167826566016147205 0.14284838008806027831 
0.00000000099999999909 0.00000000099999999909 0.00000000099999999909 0.62757327635122550635 0.00292123058036660582 0.00000000099999999909 0.00000000099999999909 0.36950548506840785734 0.00000000099999999909 0.00000000099999999909 0.00000000099999999909 
0.01623037280383740275 0.00000000099999999994 0.00000000099999999994 0.18982222677439772318 0.04218266137404168281 0.00000000099999999994 0.12218656797495482114 0.61673038470643559705 0.00721307975000720636 0.00507306072657276626 0.00056164288975275466 
0.00000000099999999979 0.24226690834780764683 0.49605053160047329897 0.00000000099999999979 0.00000000099999999979 0.00034634236204542790 0.00000000099999999979 0.02048358663519703193 0.00000000099999999979 0.17610323055447865692 0.06474939549999818300 
0.99999999000000006077 0.00000000099999999810 0.00000000099999999810 0.00000000099999999810 0.00000000099999999810 0.00000000099999999810 0.00000000099999999810 0.00000000099999999810 0.00000000099999999810 0.00000000099999999810 0.00000000099999999810 
0.93127053287026284600 0.00000000099999999778 0.00000000099999999778 0.00000000099999999778 0.06872945812973710322 0.00000000099999999778 0.00000000099999999778 0.00000000099999999778 0.00000000099999999778 0.00000000099999999778 0.00000000099999999778 
0.99999998999999994975 0.00000000099999999772 0.00000000099999999772 0.00000000099999999772 0.00000000099999999772 0.00000000099999999772 0.00000000099999999772 0.00000000099999999772 0.00000000099999999772 0.00000000099999999772 0.00000000099999999772 
0.00000000099999999739 0.00000000099999999739 0.00000000099999999739 0.00000000099999999739 0.99999998999999994975 0.00000000099999999739 0.00000000099999999739 0.00000000099999999739 0.00000000099999999739 0.00000000099999999739 0.00000000099999999739 
0.00000000099999999941 0.00000000099999999941 0.00000000099999999941 0.00000000099999999941 0.50994885797995515020 0.49005113302004493780 0.00000000099999999941 0.00000000099999999941 0.00000000099999999941 0.00000000099999999941 0.00000000099999999941 
0.19848194565656757105 0.00751350770960091795 0.00288474225195370360 0.00000000099999999996 0.00000000099999999996 0.45713953494689973933 0.05277050190891414277 0.21847717218897069746 0.00117925997551735591 0.03152656901423496472 0.03002676434734092084 
0.00000000099999999707 0.00000000099999999707 0.00000000099999999707 0.00000000099999999707 0.00000000099999999707 0.00000000099999999707 0.00000000099999999707 0.00000000099999999707 0.00000000099999999707 0.00000000099999999707 0.99999998999999994975 
0.00000000099999999704 0.00000000099999999704 0.00000000099999999704 0.00000000099999999704 0.00000000099999999704 0.00000000099999999704 0.00000000099999999704 0.00000000099999999704 0.00000000099999999704 0.00000000099999999704 0.99999998999999994975 
0.00000000099999999708 0.00000000099999999708 0.00000000099999999708 0.00000000099999999708 0.00000000099999999708 0.00000000099999999708 0.00000000099999999708 0.00000000099999999708 0.00000000099999999708 0.00000000099999999708 0.99999999000000006077 
0.00137089063460934060 0.00000000099999999991 0.58379386933581178809 0.00589132658520162382 0.00000186526553971273 0.16211871412324427300 0.02075744339729349366 0.07818442256702486104 0.03279221953390982353 0.11508924655736503528 0.00000000099999999991 
0.02940531804934101712 0.00000000099999999999 0.06264444928022848413 0.05389123796528756671 0.01613089152844976448 0.07233863152368244509 0.03794047646351416531 0.47638550892601089215 0.08515757709705576439 0.14518707418325479952 0.02091883398317533407 
0.03107462875195015489 0.00000002176161625053 0.12982065857077376703 0.02759255138863844423 0.01381203398673692614 0.07282824336565472956 0.05504595924131770041 0.28642520173767072045 0.12181104758939681476 0.22814885437602794305 0.03344079923021668621 
0.06658386480232798832 0.03216996321944810139 0.11217351379939118072 0.01588342856080219440 0.00000000099999999998 0.12038340806785549630 0.07478458513365686400 0.25515510158139975694 0.14818496847283874063 0.17207514888948066689 0.00260601647279892160 
0.05175670902382205341 0.03573991915682159237 0.18676351745539357396 0.01939372264326976944 0.01243036659198980959 0.01272462325993862879 0.01031105826678096332 0.17929984649000835217 0.16172231027274980297 0.28402101506099253214 0.04583691177823292356 
0.00000525301565957529 0.01944229735512759821 0.55611507410448368649 0.00000000099999999998 0.00000031271483073363 0.18348225054519839983 0.00000000099999999998 0.04344611944967016748 0.04137307882637676626 0.12261510481020770902 0.03352050717844549943 
0.00000000099999999789 0.00000000099999999789 0.00000000099999999789 0.00000000099999999789 0.00000000099999999789 0.00000000099999999789 0.00000000099999999789 0.00000000099999999789 0.99999998999999983873 0.00000000099999999789 0.00000000099999999789 
0.00000000099999999719 0.00000000099999999719 0.00000000099999999719 0.00000000099999999719 0.00000000099999999719 0.00000000099999999719 0.00000000099999999719 0.00000000099999999719 0.99999998999999972771 0.00000000099999999719 0.00000000099999999719 
0.00000000099999999976 0.00000000099999999976 0.00000000099999999976 0.00000000099999999976 0.00000000099999999976 0.00000000099999999976 0.00000000099999999976 0.00000000099999999976 0.96301147790734276111 0.03698851309265713955 0.00000000099999999976 
0.00000000099999999782 0.00000000099999999782 0.00000000099999999782 0.00000000099999999782 0.00000000099999999782 0.00000000099999999782 0.00000000099999999782 0.00000000099999999782 0.99999998999999983873 0.00000000099999999782 0.00000000099999999782 
0.00000000099999999713 0.00000000099999999713 0.00000000099999999713 0.00000000099999999713 0.00000000099999999713 0.00000000099999999713 0.00000000099999999713 0.00000000099999999713 0.99999998999999983873 0.00000000099999999713 0.00000000099999999713 
0.00000000099999999706 0.00000000099999999706 0.00000000099999999706 0.00000000099999999706 0.00000000099999999706 0.00000000099999999706 0.00000000099999999706 0.00000000099999999706 0.99999998999999972771 0.00000000099999999706 0.00000000099999999706 
0.00000000099999999696 0.00000000099999999696 0.00000000099999999696 0.00000000099999999696 0.00000000099999999696 0.00000000099999999696 0.00000000099999999696 0.00000000099999999696 0.99999998999999983873 0.00000000099999999696 0.00000000099999999696 
0.00000000099999999993 0.09661597143778428987 0.46361445936998202377 0.00000000099999999993 0.00000000099999999993 0.13526691430682125095 0.02432646203435552199 0.01257214404169984708 0.02024977292906104259 0.24735427188029604495 0.00000000099999999993 
0.00000000099999999708 0.00000000099999999708 0.00000000099999999708 0.00000000099999999708 0.00000000099999999708 0.00000000099999999708 0.00000000099999999708 0.00000000099999999708 0.99999998999999983873 0.00000000099999999708 0.00000000099999999708 
0.00000000099999999722 0.00000000099999999722 0.00000000099999999722 0.00000000099999999722 0.00000000099999999722 0.00000000099999999722 0.00000000099999999722 0.00000000099999999722 0.99999998999999983873 0.00000000099999999722 0.00000000099999999722 
0.00000000099999999717 0.00000000099999999717 0.00000000099999999717 0.00000000099999999717 0.00000000099999999717 0.00000000099999999717 0.00000000099999999717 0.00000000099999999717 0.99999998999999972771 0.00000000099999999717 0.00000000099999999717 
0.00000000099999999729 0.00000000099999999729 0.00000000099999999729 0.00000000099999999729 0.00000000099999999729 0.00000000099999999729 0.00000000099999999729 0.00000000099999999729 0.99999998999999983873 0.00000000099999999729 0.00000000099999999729 
0.00000000099999999694 0.00000000099999999694 0.00000000099999999694 0.00000000099999999694 0.00000000099999999694 0.00000000099999999694 0.00000000099999999694 0.00000000099999999694 0.99999998999999983873 0.00000000099999999694 0.00000000099999999694 
0.00000000099999999699 0.00000000099999999699 0.00000000099999999699 0.00000000099999999699 0.00000000099999999699 0.00000000099999999699 0.00000000099999999699 0.00000000099999999699 0.99999998999999983873 0.00000000099999999699 0.00000000099999999699 
0.00000000099999999991 0.06672013723732637958 0.35618788071341983548 0.00000000099999999991 0.00000000099999999991 0.19321214847396575576 0.02794817615062556923 0.02973546242900728179 0.00575621240189854496 0.23885490036691764404 0.08158507922683899682 
0.00000000099999999990 0.20262112843314419863 0.63846430420705257980 0.00000000099999999990 0.00000000099999999990 0.03124332908573473899 0.00000000099999999990 0.00000000099999999990 0.00000000099999999990 0.08953746899105904933 0.03813376328300946416 
0.00000000099999999965 0.20232973887622940357 0.61763140719238085463 0.00000000099999999965 0.00000000099999999965 0.00000000099999999965 0.00000000099999999965 0.00000000099999999965 0.00000000099999999965 0.15876412087838212561 0.02127472605300778294 
0.02701122205674310120 0.14614124366329728222 0.24796874788268183365 0.09862098418338957617 0.00000000099999999994 0.00000000099999999994 0.10048221961541715930 0.18533944641056199210 0.00202600855759255604 0.13548522890772551897 0.05692489672259099659 
0.00000000099999999968 0.23979078983021587246 0.52068166486449829478 0.00000000099999999968 0.00000000099999999968 0.04045961960778739208 0.00000000099999999968 0.00000000099999999968 0.00000000099999999968 0.18959509150110026576 0.00947282819639829431 
0.00000000099999999967 0.14608473078687211899 0.62023137206976031166 0.00000000099999999967 0.00000000099999999967 0.00000000099999999967 0.00000000099999999967 0.00000000099999999967 0.00000000099999999967 0.19460647636008387984 0.03907741378328373483 
0.00000000099999999966 0.14550925630653296916 0.62192001073688440993 0.00000000099999999966 0.00000000099999999966 0.00000000099999999966 0.00000000099999999966 0.00000000099999999966 0.00000000099999999966 0.19375118234865562616 0.03881954360792720660 
0.00000000099999999968 0.30620289360766056452 0.38102763252208660116 0.00000000099999999968 0.00000000099999999968 0.00000000099999999968 0.00000000099999999968 0.01794707911415762899 0.00000000099999999968 0.25324094286055831571 0.04158144589553722931 
0.00000000099999999950 0.26127968894889164186 0.52872227949511907408 0.00000000099999999950 0.00000000099999999950 0.00000000099999999950 0.00000000099999999950 0.00000000099999999950 0.00000000099999999950 0.20999802355598931602 0.00000000099999999950 
0.25144422696628371261 0.01226097549880028441 0.28306064969238053930 0.00000000099999999996 0.00852201088747446024 0.02593303517804526961 0.06476048957539458362 0.11787218328451906646 0.00000000099999999996 0.20030132277391793361 0.03584510414318422405 
0.00000000099999999941 0.17913200078425592365 0.47660917430530286287 0.00000000099999999941 0.00000000099999999941 0.00000000099999999941 0.00000000099999999941 0.00000000099999999941 0.00000000099999999941 0.29797559765625530881 0.04628322025418595692 
0.25135069601759124636 0.01159723112264960526 0.28297604069447124253 0.00000000099999999996 0.00864683430014654558 0.02697036601605312667 0.06333972899639998821 0.12035147815337537969 0.00000000099999999996 0.20124231678940368573 0.03352530590990937531 
0.00000000099999999969 0.33038467008215216536 0.57952335127621146249 0.00000000099999999969 0.00000000099999999969 0.07047283631938278115 0.00000000099999999969 0.00000000099999999969 0.00000000099999999969 0.01127469537406558184 0.00834444094818801232 
0.00000000099999999998 0.06110888897453781166 0.53015436077326238973 0.00000000099999999998 0.00000000099999999998 0.17338728108657971982 0.00528864431102257435 0.02910193275201160626 0.02957572658457051362 0.10640617933973665898 0.06497698317827899084 
0.01048291526221421625 0.00000000099999999998 0.05365185469871790874 0.00000000099999999998 0.00000000099999999998 0.42235685782464527094 0.00001104276285074735 0.01244214706531142356 0.01414527009734315929 0.03548256207474964619 0.45142734721416766241 
0.00000000099999999962 0.00000000099999999962 0.00000000099999999962 0.00000000099999999962 0.00000000099999999962 0.84466462355711802168 0.00000000099999999962 0.00000000099999999962 0.00000000099999999962 0.00000000099999999962 0.15533536744288214959 
0.00000000099999999951 0.03590825611060001477 0.15939124616517094668 0.00000000099999999951 0.00000000099999999951 0.76595255490727431891 0.00000000099999999951 0.00000000099999999951 0.00000000099999999951 0.00933489788868567712 0.02941303892826892599 
0.00000000099999999994 0.35060970691368253949 0.47433693861973896810 0.00000000099999999994 0.00000000099999999994 0.00000000099999999994 0.00003097216500892300 0.02333858687758164074 0.01692838235910050157 0.08313348795842782912 0.05162192110645947435 
0.00000000099999999995 0.38565792344253835289 0.47311953648224569502 0.00000000099999999995 0.00000000099999999995 0.02862851240964324820 0.00026526768797007530 0.01804413668873625434 0.01464588728616950629 0.07278952019559366271 0.00684921280710316157 
0.00000002039752420078 0.25494276727941811433 0.48763098790375020153 0.01058387458540392331 0.00000000099999999996 0.01834713712317057044 0.00000000099999999996 0.00400589898823016603 0.01640977915470274301 0.20807953156779998571 0.00000000099999999996 
0.00000000099999999980 0.15515219445403816145 0.64375326254889142508 0.00700101789567762669 0.00000000099999999980 0.09686535551850335157 0.00000000099999999980 0.00000372196129541979 0.00000000099999999980 0.09722444262159420092 0.00000000099999999980 
0.00000000099999999945 0.08089710561590310323 0.52442896424190765803 0.00000000099999999945 0.00000000099999999945 0.26110944027884258611 0.00000000099999999945 0.00000000099999999945 0.00000000099999999945 0.06972634601367218299 0.06383813784967443117 
0.00470906595521395493 0.34730162980590756350 0.42526958194277525438 0.00000000295250920669 0.00000000099999999998 0.09514086340589061885 0.00551689582197021494 0.00000000099999999998 0.00935030849055537398 0.11271164862517786542 0.00000000099999999998 
0.00000000099999999967 0.08864235020552070632 0.41960480873163946702 0.00000000099999999967 0.00000000099999999967 0.48380281385113294013 0.00000000099999999967 0.00000000099999999967 0.00000000099999999967 0.00000000099999999967 0.00795002021170696654 
0.00000000099999999950 0.04902556367783239555 0.20297563744254712437 0.00000000099999999950 0.00000000099999999950 0.68386115992776397299 0.00000000099999999950 0.00000000099999999950 0.00000000099999999950 0.00000000099999999950 0.06413763195185652466 
0.00000000099999999869 0.29885052371768516810 0.00000000099999999869 0.00000000099999999869 0.00000000099999999869 0.70114946728231475337 0.00000000099999999869 0.00000000099999999869 0.00000000099999999869 0.00000000099999999869 0.00000000099999999869 
0.00000000099999999834 0.00000000099999999834 0.00000000099999999834 0.00000000099999999834 0.00000000099999999834 0.99999999000000006077 0.00000000099999999834 0.00000000099999999834 0.00000000099999999834 0.00000000099999999834 0.00000000099999999834 
0.00000000099999999968 0.20468730203253021616 0.27025705867241367475 0.00000000099999999968 0.00000000099999999968 0.41840863394468680303 0.00000000099999999968 0.00000000099999999968 0.00000000099999999968 0.10664699835036943465 0.00000000099999999968 
0.00000000099999999944 0.05847824189859006372 0.07946139158004419945 0.00000000099999999944 0.00000000099999999944 0.85969573955411682231 0.00000000099999999944 0.00000000099999999944 0.00000000099999999944 0.00000000099999999944 0.00236461996724914329 
0.00000000099999999904 0.76265277500502359764 0.00000000099999999904 0.00000000099999999904 0.00000000099999999904 0.23734721599497654587 0.00000000099999999904 0.00000000099999999904 0.00000000099999999904 0.00000000099999999904 0.00000000099999999904 
0.00000000099999999961 0.31800522052804414130 0.50178035530225550964 0.00000000099999999961 0.00000000099999999961 0.15233211132217153172 0.00000000099999999961 0.00000000099999999961 0.00000000099999999961 0.02244352128523903131 0.00543878556228985337 
0.00000000099999999977 0.01024036403510615069 0.37542307604366864648 0.00000000099999999977 0.00000000099999999977 0.16938942034726972574 0.00000000099999999977 0.00000000099999999977 0.00000000099999999977 0.41699196428506457579 0.02795516928889093741 
0.00000000099999999808 0.00000000099999999808 0.00000000099999999808 0.00000000099999999808 0.00000000099999999808 0.99999999000000006077 0.00000000099999999808 0.00000000099999999808 0.00000000099999999808 0.00000000099999999808 0.00000000099999999808 
0.00000000099999999994 0.13374428787109088335 0.48004680670710969670 0.00000000099999999994 0.00000000099999999994 0.09208754139744916578 0.00000000099999999994 0.02191014652133612545 0.01437591499043806668 0.23911649255391534408 0.01871880595866095426 
0.00000000099999999987 0.15945442090643491273 0.41564360832973096249 0.00000000099999999987 0.00000000099999999987 0.00000000099999999987 0.01413866384386373506 0.00000000099999999987 0.00000000099999999987 0.41076329991997051483 0.00000000099999999987 
0.00000000099999999991 0.09300101582773270814 0.61314320346262773942 0.02578327272932918676 0.00000000099999999991 0.06659928307932823366 0.00191461798434948080 0.00647919283254226683 0.03517966925874357886 0.15789974182534666225 0.00000000099999999991 
0.01859933626806329135 0.18156146026353803258 0.33797474738332927702 0.01421571399001555006 0.00152361872285245608 0.16181556160623175589 0.00000000099999999999 0.02691756039344934265 0.03437124940044360838 0.19857044357199016282 0.02445030740008655168 
0.03753750183918826144 0.01115906252962142742 0.30568166419110998078 0.05152052377500013908 0.00257137725970427514 0.08080327744811634239 0.00520198579390675469 0.24230867586152071702 0.09128340188116781939 0.13954878220651967258 0.03238374721414457452 
0.00000000099999999968 0.26477642357437286558 0.59523238778641185398 0.00000000099999999968 0.00000000099999999968 0.12694562623904770415 0.00000000099999999968 0.00000000099999999968 0.00000000099999999968 0.00000000099999999968 0.01304555540016781590 
0.00000000099999999984 0.14144277079462586055 0.64753280154122649925 0.00000000099999999984 0.00000000099999999984 0.15443045142454531193 0.00000000099999999984 0.00000000099999999984 0.01011926731976460839 0.04647470291983780977 0.00000000099999999984 
