0.00000000099999999650 0.00000000099999999650 0.00000000099999999650 0.00000000099999999650 0.00000000099999999650 0.00000000099999999650 0.00000000099999999650 0.99999998699999970153 0.00000000099999999650 0.00000000099999999650 0.00000000099999999650 0.00000000099999999650 0.00000000099999999650 0.00000000099999999650 
0.00000000099999999652 0.00000000099999999652 0.00000000099999999652 0.00000000099999999652 0.00000000099999999652 0.00000000099999999652 0.00000000099999999652 0.99999998699999981255 0.00000000099999999652 0.00000000099999999652 0.00000000099999999652 0.00000000099999999652 0.00000000099999999652 0.00000000099999999652 
0.00000000099999999650 0.00000000099999999650 0.00000000099999999650 0.00000000099999999650 0.00000000099999999650 0.00000000099999999650 0.00000000099999999650 0.99999998699999981255 0.00000000099999999650 0.00000000099999999650 0.00000000099999999650 0.00000000099999999650 0.00000000099999999650 0.00000000099999999650 
0.00000000099999999996 0.00000000099999999996 0.31506877410048222954 0.27331288396012765052 0.41136657150381211734 0.00000000099999999996 0.00000000099999999996 0.00000000099999999996 0.00025176043557805357 0.00000000099999999996 0.00000000099999999996 0.00000000099999999996 0.00000000099999999996 0.00000000099999999996 
0.00000000099999999996 0.00000000099999999996 0.39804177577478189187 0.27668565371835968092 0.32506307457852984255 0.00000000189565128323 0.00000000099999999996 0.00000000099999999996 0.00020948503267752581 0.00000000099999999996 0.00000000099999999996 0.00000000099999999996 0.00000000099999999996 0.00000000099999999996 
0.00000000099999999744 0.00000000099999999744 0.00000000099999999744 0.00000000099999999744 0.00000000099999999744 0.00000000099999999744 0.00000000099999999744 0.64795626449572674144 0.00000000099999999744 0.35204372350427326488 0.00000000099999999744 0.00000000099999999744 0.00000000099999999744 0.00000000099999999744 
0.00000000099999999729 0.00000000099999999729 0.00000000099999999729 0.00000000099999999729 0.00000000099999999729 0.00000000099999999729 0.00000000099999999729 0.68628856170279628479 0.00000000099999999729 0.31371142629720372152 0.00000000099999999729 0.00000000099999999729 0.00000000099999999729 0.00000000099999999729 
0.00000000099999999797 0.00000000099999999797 0.00000000099999999797 0.00000000099999999797 0.00000000099999999797 0.00000000099999999797 0.00000000099999999797 0.99999998699999992358 0.00000000099999999797 0.00000000099999999797 0.00000000099999999797 0.00000000099999999797 0.00000000099999999797 0.00000000099999999797 
0.00000000099999999689 0.00000000099999999689 0.00000000099999999689 0.00000000099999999689 0.00000000099999999689 0.00000000099999999689 0.00000000099999999689 0.99999998699999970153 0.00000000099999999689 0.00000000099999999689 0.00000000099999999689 0.00000000099999999689 0.00000000099999999689 0.00000000099999999689 
0.00000000099999999688 0.00000000099999999688 0.00000000099999999688 0.00000000099999999688 0.00000000099999999688 0.00000000099999999688 0.00000000099999999688 0.99999998699999970153 0.00000000099999999688 0.00000000099999999688 0.00000000099999999688 0.00000000099999999688 0.00000000099999999688 0.00000000099999999688 
0.00000000099999999676 0.00000000099999999676 0.00000000099999999676 0.00000000099999999676 0.00000000099999999676 0.00000000099999999676 0.00000000099999999676 0.99999998699999981255 0.00000000099999999676 0.00000000099999999676 0.00000000099999999676 0.00000000099999999676 0.00000000099999999676 0.00000000099999999676 
0.00000000099999999607 0.00000000099999999607 0.99999998699999981255 0.00000000099999999607 0.00000000099999999607 0.00000000099999999607 0.00000000099999999607 0.00000000099999999607 0.00000000099999999607 0.00000000099999999607 0.00000000099999999607 0.00000000099999999607 0.00000000099999999607 0.00000000099999999607 
0.00000000099999999652 0.00000000099999999652 0.99999998699999981255 0.00000000099999999652 0.00000000099999999652 0.00000000099999999652 0.00000000099999999652 0.00000000099999999652 0.00000000099999999652 0.00000000099999999652 0.00000000099999999652 0.00000000099999999652 0.00000000099999999652 0.00000000099999999652 
0.00000000099999999612 0.00000000099999999612 0.99999998699999992358 0.00000000099999999612 0.00000000099999999612 0.00000000099999999612 0.00000000099999999612 0.00000000099999999612 0.00000000099999999612 0.00000000099999999612 0.00000000099999999612 0.00000000099999999612 0.00000000099999999612 0.00000000099999999612 
0.00000000099999999627 0.00000000099999999627 0.99999998699999981255 0.00000000099999999627 0.00000000099999999627 0.00000000099999999627 0.00000000099999999627 0.00000000099999999627 0.00000000099999999627 0.00000000099999999627 0.00000000099999999627 0.00000000099999999627 0.00000000099999999627 0.00000000099999999627 
0.00000000099999999915 0.00000000099999999915 0.86517926731147420938 0.00000000099999999915 0.00000000099999999915 0.00000000099999999915 0.05941313183809131954 0.00000000099999999915 0.00000000099999999915 0.07540758985043473361 0.00000000099999999915 0.00000000099999999915 0.00000000099999999915 0.00000000099999999915 
0.00000000099999999636 0.00000000099999999636 0.99999998699999992358 0.00000000099999999636 0.00000000099999999636 0.00000000099999999636 0.00000000099999999636 0.00000000099999999636 0.00000000099999999636 0.00000000099999999636 0.00000000099999999636 0.00000000099999999636 0.00000000099999999636 0.00000000099999999636 
0.00000000099999999622 0.00000000099999999622 0.99999998699999992358 0.00000000099999999622 0.00000000099999999622 0.00000000099999999622 0.00000000099999999622 0.00000000099999999622 0.00000000099999999622 0.00000000099999999622 0.00000000099999999622 0.00000000099999999622 0.00000000099999999622 0.00000000099999999622 
0.00000000099999999606 0.00000000099999999606 0.99999998699999992358 0.00000000099999999606 0.00000000099999999606 0.00000000099999999606 0.00000000099999999606 0.00000000099999999606 0.00000000099999999606 0.00000000099999999606 0.00000000099999999606 0.00000000099999999606 0.00000000099999999606 0.00000000099999999606 
0.00000000099999999613 0.00000000099999999613 0.99999998699999981255 0.00000000099999999613 0.00000000099999999613 0.00000000099999999613 0.00000000099999999613 0.00000000099999999613 0.00000000099999999613 0.00000000099999999613 0.00000000099999999613 0.00000000099999999613 0.00000000099999999613 0.00000000099999999613 
0.00000000099999999611 0.00000000099999999611 0.99999998699999981255 0.00000000099999999611 0.00000000099999999611 0.00000000099999999611 0.00000000099999999611 0.00000000099999999611 0.00000000099999999611 0.00000000099999999611 0.00000000099999999611 0.00000000099999999611 0.00000000099999999611 0.00000000099999999611 
0.00000000099999999610 0.00000000099999999610 0.99999998699999981255 0.00000000099999999610 0.00000000099999999610 0.00000000099999999610 0.00000000099999999610 0.00000000099999999610 0.00000000099999999610 0.00000000099999999610 0.00000000099999999610 0.00000000099999999610 0.00000000099999999610 0.00000000099999999610 
0.00000000099999999620 0.00000000099999999620 0.99999998699999992358 0.00000000099999999620 0.00000000099999999620 0.00000000099999999620 0.00000000099999999620 0.00000000099999999620 0.00000000099999999620 0.00000000099999999620 0.00000000099999999620 0.00000000099999999620 0.00000000099999999620 0.00000000099999999620 
0.00000000099999999623 0.00000000099999999623 0.99999998699999981255 0.00000000099999999623 0.00000000099999999623 0.00000000099999999623 0.00000000099999999623 0.00000000099999999623 0.00000000099999999623 0.00000000099999999623 0.00000000099999999623 0.00000000099999999623 0.00000000099999999623 0.00000000099999999623 
0.00000000099999999636 0.00000000099999999636 0.99999998699999981255 0.00000000099999999636 0.00000000099999999636 0.00000000099999999636 0.00000000099999999636 0.00000000099999999636 0.00000000099999999636 0.00000000099999999636 0.00000000099999999636 0.00000000099999999636 0.00000000099999999636 0.00000000099999999636 
0.00000000099999999609 0.00000000099999999609 0.99999998699999992358 0.00000000099999999609 0.00000000099999999609 0.00000000099999999609 0.00000000099999999609 0.00000000099999999609 0.00000000099999999609 0.00000000099999999609 0.00000000099999999609 0.00000000099999999609 0.00000000099999999609 0.00000000099999999609 
0.00000000099999999606 0.00000000099999999606 0.99999998699999992358 0.00000000099999999606 0.00000000099999999606 0.00000000099999999606 0.00000000099999999606 0.00000000099999999606 0.00000000099999999606 0.00000000099999999606 0.00000000099999999606 0.00000000099999999606 0.00000000099999999606 0.00000000099999999606 
0.00000000099999999937 0.00000000099999999937 0.00000000099999999937 0.00000000099999999937 0.00000000099999999937 0.00000000099999999937 0.00000000099999999937 0.66896005345974951517 0.00000000099999999937 0.00000000099999999937 0.05489462348348195242 0.00000000099999999937 0.00000000099999999937 0.27614531205676862147 
0.23361743961666811553 0.00000000099999999974 0.13717056342039782302 0.00000000099999999974 0.00000000099999999974 0.17642508262220141235 0.45278680926724668154 0.00000000099999999974 0.00000009607348602963 0.00000000099999999974 0.00000000099999999974 0.00000000099999999974 0.00000000099999999974 0.00000000099999999974 
0.00000000099999999897 0.00000000099999999897 0.00000000099999999897 0.00000000099999999897 0.00000000099999999897 0.00000000099999999897 0.00000000099999999897 0.00000000099999999897 0.00000000099999999897 0.00000000099999999897 0.00000000099999999897 0.00000000099999999897 0.00000000099999999897 0.99999998699999992358 
0.20182423824560399850 0.00000000099999999997 0.04406767028798426467 0.00000000099999999997 0.00385786119295522577 0.08011254723538201172 0.23418898378673960736 0.00000000099999999997 0.01690928638998841563 0.02689470009290973601 0.02793000997838002847 0.08547102903098759141 0.00035650821410379563 0.27838716254496542746 
0.00000000099999999728 0.00000000099999999728 0.00000000099999999728 0.00000000099999999728 0.00000000099999999728 0.00000000099999999728 0.00000000099999999728 0.00000000099999999728 0.00000000099999999728 0.00000000099999999728 0.00000000099999999728 0.00000000099999999728 0.00000000099999999728 0.99999998700000003460 
0.00000000099999999761 0.00000000099999999761 0.00000000099999999761 0.00000000099999999761 0.00000000099999999761 0.00000000099999999761 0.00000000099999999761 0.00000000099999999761 0.00000000099999999761 0.00000000099999999761 0.00000000099999999761 0.00000000099999999761 0.00000000099999999761 0.99999998699999992358 
0.05915464351707302310 0.00000000099999999951 0.06524219244872878076 0.00000000099999999951 0.00000000099999999951 0.00000000099999999951 0.84912393849993050843 0.00000000099999999951 0.00000000099999999951 0.00000000099999999951 0.00000000099999999951 0.00000000099999999951 0.00000000099999999951 0.02647921553426776237 
0.00000000099999999743 0.00000000099999999743 0.00000000099999999743 0.00000000099999999743 0.00000000099999999743 0.00000000099999999743 0.00000000099999999743 0.00000000099999999743 0.00000000099999999743 0.00000000099999999743 0.00000000099999999743 0.00000000099999999743 0.00000000099999999743 0.99999998700000003460 
0.00000000099999999752 0.00000000099999999752 0.00000000099999999752 0.00000000099999999752 0.00000000099999999752 0.00000000099999999752 0.00000000099999999752 0.00000000099999999752 0.00000000099999999752 0.00000000099999999752 0.00000000099999999752 0.00000000099999999752 0.00000000099999999752 0.99999998699999992358 
0.28918750832472001067 0.01460665450466043513 0.00000000099999999993 0.02919133302878757635 0.17888923774195672478 0.11722317119684240450 0.00000000099999999993 0.09287432782129008413 0.00991399089762637353 0.00000000099999999993 0.04934158974817704629 0.00614167451184987733 0.00000000099999999993 0.21263050822408957607 
0.14913524359155014287 0.00000000099999999991 0.07739680647818805714 0.13437950166240633654 0.00000000099999999991 0.00000000099999999991 0.17576670508950875682 0.01406620741687270720 0.42795671521878808630 0.00046022160546861272 0.02075928858267167554 0.00000000099999999991 0.00007926126719606580 0.00000004508734971797 
0.30428071011652946254 0.00007887079807312166 0.06098950988114887339 0.12531906288636554536 0.02293324227278768432 0.15963169287937145624 0.03707437698351744720 0.00849116243119517160 0.07685042418014922938 0.00000000099999999999 0.01735686157801603555 0.07027021414573564329 0.03119366632666552633 0.08553020452044465816 
0.23602677177803954578 0.00125763392692392929 0.04577102727645220026 0.10109385892074347624 0.01144662667795522462 0.08553308563673679699 0.07925256770815194973 0.00636574369860692935 0.19641419594277501059 0.00000000099999999999 0.01702341905773643166 0.04114169297830825439 0.00746359720209554926 0.17120977819547464338 
0.53541658744556175353 0.00000000099999999997 0.00000004196665409581 0.04903357404566794503 0.01646983837568015072 0.07193530083611690551 0.08296198878377959718 0.00000000099999999997 0.21085792880734394172 0.00000000099999999997 0.01401164006438613760 0.01040125269986255478 0.00889962038483274945 0.00001222359011431613 
0.28795927570781321148 0.00739633906062812756 0.00000000099999999996 0.00522080096863787070 0.01159073762007883056 0.11825747422051774427 0.00000000099999999996 0.05730271367343538202 0.18991973238651443934 0.00000000099999999996 0.00263549227763543647 0.08749137866198269942 0.00018023832586786019 0.23204581409688820881 
0.31151164849255258416 0.00000000099999999981 0.00750305695693437736 0.06072756363766372567 0.02310312742131907793 0.36318102810210467490 0.03181877286302208646 0.00000000099999999981 0.20215479552640358563 0.00000000099999999981 0.00000000099999999981 0.00000000099999999981 0.00000000099999999981 0.00000000099999999981 
0.23630071418449358212 0.00000000100000000000 0.00214018633015795705 0.03586636245124992517 0.05750486038145345702 0.12604831031700186594 0.00291977559530955067 0.00992679411656899498 0.05031341852899495065 0.01339608612448950700 0.01174706098286222578 0.34131484202275164108 0.01784302720952181745 0.09467856075514441416 
0.52486366206464507567 0.00000000099999999978 0.00000000099999999978 0.00000000099999999978 0.05395771589650701777 0.00000000099999999978 0.06635181940434371761 0.00000000099999999978 0.34537497984271287033 0.00000000099999999978 0.00000000099999999978 0.00000000099999999978 0.00000000099999999978 0.00945181379179141183 
0.00000000099999999905 0.00000000099999999905 0.07816435667949968302 0.39455352756798944824 0.00666929514742356337 0.00000000099999999905 0.29031265383473048303 0.00000000099999999905 0.23030015777035692248 0.00000000099999999905 0.00000000099999999905 0.00000000099999999905 0.00000000099999999905 0.00000000099999999905 
0.00000000099999999841 0.00000000099999999841 0.00000000099999999841 0.00000000099999999841 0.00000000099999999841 0.00000000099999999841 0.00000000099999999841 0.90838249402562454282 0.00000000099999999841 0.00000000099999999841 0.00000000099999999841 0.00000000099999999841 0.00000000099999999841 0.09161749397437571329 
0.99999998700000025664 0.00000000099999999913 0.00000000099999999913 0.00000000099999999913 0.00000000099999999913 0.00000000099999999913 0.00000000099999999913 0.00000000099999999913 0.00000000099999999913 0.00000000099999999913 0.00000000099999999913 0.00000000099999999913 0.00000000099999999913 0.00000000099999999913 
0.99999998700000014562 0.00000000099999999886 0.00000000099999999886 0.00000000099999999886 0.00000000099999999886 0.00000000099999999886 0.00000000099999999886 0.00000000099999999886 0.00000000099999999886 0.00000000099999999886 0.00000000099999999886 0.00000000099999999886 0.00000000099999999886 0.00000000099999999886 
0.99999998700000025664 0.00000000099999999876 0.00000000099999999876 0.00000000099999999876 0.00000000099999999876 0.00000000099999999876 0.00000000099999999876 0.00000000099999999876 0.00000000099999999876 0.00000000099999999876 0.00000000099999999876 0.00000000099999999876 0.00000000099999999876 0.00000000099999999876 
0.67803155114447566376 0.06278544797322754834 0.00000000099999999997 0.02164200193508250547 0.04203926124764679334 0.07149691877749507485 0.05720918298518529871 0.00000000099999999997 0.00000000099999999997 0.00486985274429110448 0.00000000099999999997 0.03089051669225353208 0.00000000099999999997 0.03103526150034268891 
0.55844905467224914553 0.01596078532530779623 0.00700301871194654833 0.00000000099999999997 0.04466997182291328888 0.00000000099999999997 0.03091100614994089432 0.00392719261120670713 0.00000000099999999997 0.00000000099999999997 0.08676587405906280304 0.05040538977323138353 0.04666453620560011284 0.15524316666854137692 
0.00000000099999999931 0.00000000099999999931 0.02164364066556661095 0.00000000099999999931 0.10846111601047012107 0.00000000099999999931 0.81016893542644130566 0.00000000099999999931 0.05972629789752210289 0.00000000099999999931 0.00000000099999999931 0.00000000099999999931 0.00000000099999999931 0.00000000099999999931 
0.00000000099999999912 0.00000000099999999912 0.03391029876819356276 0.00000000099999999912 0.17361997994645178567 0.00000000099999999912 0.79246971028535495574 0.00000000099999999912 0.00000000099999999912 0.00000000099999999912 0.00000000099999999912 0.00000000099999999912 0.00000000099999999912 0.00000000099999999912 
0.00000000099999999934 0.00000000099999999934 0.00000000099999999934 0.00000000099999999934 0.06760997047755566702 0.00000000099999999934 0.42810257602509504959 0.00000000099999999934 0.00000000099999999934 0.50428744249734935856 0.00000000099999999934 0.00000000099999999934 0.00000000099999999934 0.00000000099999999934 
0.00000000099999999902 0.00000000099999999902 0.03196824204478808384 0.00000000099999999902 0.19558206197069050170 0.00000000099999999902 0.77244968498452160066 0.00000000099999999902 0.00000000099999999902 0.00000000099999999902 0.00000000099999999902 0.00000000099999999902 0.00000000099999999902 0.00000000099999999902 
0.00000000099999999639 0.00000000099999999639 0.00000000099999999639 0.00000000099999999639 0.00000000099999999639 0.00000000099999999639 0.00000000099999999639 0.00000000099999999639 0.00000000099999999639 0.99999998699999981255 0.00000000099999999639 0.00000000099999999639 0.00000000099999999639 0.00000000099999999639 
0.00000000099999999860 0.00000000099999999860 0.00000000099999999860 0.00000000099999999860 0.00000000099999999860 0.00000000099999999860 0.99999998700000003460 0.00000000099999999860 0.00000000099999999860 0.00000000099999999860 0.00000000099999999860 0.00000000099999999860 0.00000000099999999860 0.00000000099999999860 
0.00000000099999999931 0.00000000099999999931 0.01482069255663272592 0.00000000099999999931 0.00000000099999999931 0.00000000099999999931 0.82144907930065369506 0.03181211465054114423 0.00000000099999999931 0.13191810349217267251 0.00000000099999999931 0.00000000099999999931 0.00000000099999999931 0.00000000099999999931 
0.00000000099999999935 0.00000000099999999935 0.00000000099999999935 0.00000000099999999935 0.00000000099999999935 0.00000000099999999935 0.00000000099999999935 0.65955394278108392392 0.00000000099999999935 0.00000000099999999935 0.11175921080224428261 0.00000000099999999935 0.00000000099999999935 0.22868683541667200743 
0.00000000099999999950 0.00000000099999999950 0.00000000099999999950 0.05353889979328704113 0.73030364128614166930 0.21505255248785226652 0.00000000099999999950 0.00000000099999999950 0.00000000099999999950 0.00000000099999999950 0.00110489643271908947 0.00000000099999999950 0.00000000099999999950 0.00000000099999999950 
0.00000000099999999945 0.00000000099999999945 0.00000000099999999945 0.00000000099999999945 0.43883898624619405160 0.00000000099999999945 0.50093888437377831480 0.00000000099999999945 0.06022211838002766021 0.00000000099999999945 0.00000000099999999945 0.00000000099999999945 0.00000000099999999945 0.00000000099999999945 
0.00000000099999999862 0.00000000099999999862 0.00000000099999999862 0.00000000099999999862 0.99999998700000014562 0.00000000099999999862 0.00000000099999999862 0.00000000099999999862 0.00000000099999999862 0.00000000099999999862 0.00000000099999999862 0.00000000099999999862 0.00000000099999999862 0.00000000099999999862 
0.00000000099999999918 0.00000000099999999918 0.00000000099999999918 0.00000000099999999918 0.00000000099999999918 0.00000000099999999918 0.00000000099999999918 0.03423162599171014620 0.00000000099999999918 0.00832550530322859021 0.00000000099999999918 0.00000000099999999918 0.00000000099999999918 0.95744285770506121214 
0.00000000099999999845 0.00000000099999999845 0.00000000099999999845 0.00000000099999999845 0.00000000099999999845 0.00000000099999999845 0.00000000099999999845 0.00000000099999999845 0.00000000099999999845 0.00000000099999999845 0.00000000099999999845 0.58279536143018628724 0.00000000099999999845 0.41720462656981366356 
0.10841166820575311169 0.00000001847938352681 0.00000000099999999984 0.00000000099999999984 0.00000000099999999984 0.00000000099999999984 0.00000000099999999984 0.00000000099999999984 0.00000000099999999984 0.01404237645474112894 0.03513009913228339054 0.28565175266607545357 0.01837564557239438484 0.53838843248936907315 
0.04598671811592098396 0.00000000099999999976 0.00000000099999999976 0.00000000099999999976 0.00000000099999999976 0.00000000099999999976 0.00000000099999999976 0.04403525292724973228 0.00000000099999999976 0.00000000099999999976 0.01414696197119469888 0.17174487379079869664 0.00000000099999999976 0.72408618419483594675 
0.05027659887796001592 0.00000000099999999963 0.00000000099999999963 0.00000000099999999963 0.00000000099999999963 0.00000000099999999963 0.00000000099999999963 0.11084362943854106365 0.00000000099999999963 0.00000000099999999963 0.01475196560656344066 0.00000000099999999963 0.00000000099999999963 0.82412779607693542605 
0.00000000099999999786 0.00000000099999999786 0.00000000099999999786 0.00000000099999999786 0.00000000099999999786 0.00000000099999999786 0.00000000099999999786 0.00000000099999999786 0.00000000099999999786 0.00000000099999999786 0.00000000099999999786 0.00000000099999999786 0.00000000099999999786 0.99999998699999992358 
0.00000000099999999855 0.00000000099999999855 0.00000000099999999855 0.00000000099999999855 0.00000000099999999855 0.00000000099999999855 0.00000000099999999855 0.00000000099999999855 0.00000000099999999855 0.00000000099999999855 0.00000000099999999855 0.00000000099999999855 0.00000000099999999855 0.99999998699999992358 
0.00000000099999999840 0.00000000099999999840 0.00000000099999999840 0.00000000099999999840 0.00000000099999999840 0.00000000099999999840 0.00000000099999999840 0.00872193089188899248 0.00000000099999999840 0.00000000099999999840 0.00749048808995963870 0.00000000099999999840 0.00000000099999999840 0.98378757001815142491 
0.04378928213701814565 0.00000000099999999987 0.12318065649588780253 0.00000000099999999987 0.00000000099999999987 0.00000000099999999987 0.31402174971297164285 0.02957663417102485842 0.00523081648155776860 0.00000000099999999987 0.00000000099999999987 0.00000000099999999987 0.00000000099999999987 0.48420085300153997698 
0.25730760764017535092 0.00379716756266795233 0.00000272597821863959 0.00000000099999999990 0.13246234726263383941 0.13187835991483851106 0.00000000099999999990 0.18785031302912402751 0.01295726097139752314 0.00000000099999999990 0.01799225397257821560 0.00129219968206298027 0.00000000099999999990 0.25445975998630299131 
0.22743782876388848879 0.01021825813204927172 0.00000000099999999985 0.00000000099999999985 0.01043995569362492042 0.00000000099999999985 0.00000000099999999985 0.01279311120889996267 0.00000000099999999985 0.07062760789082599133 0.06311218201199814137 0.19682848034978006613 0.00908117463188290105 0.39946139631705018802 
0.57913210541887039096 0.00000000099999999996 0.01148615924363520328 0.01223773129525748508 0.01161817587471378026 0.16053932360992007045 0.02528402415810770618 0.00000000099999999996 0.13769958652955821554 0.00000000099999999996 0.00000000099999999996 0.00000000099999999996 0.01436977260463932933 0.04763311626529808523 
0.35692562069943817304 0.00918730163284637615 0.00000000099999999993 0.01385754031593512507 0.09479242423791650607 0.00000000099999999993 0.00000000099999999993 0.00000000099999999993 0.03107874587259382843 0.03466120675212315538 0.00000000099999999993 0.24261048323167355711 0.00000000099999999993 0.21688667125747332354 
0.12550369076207146257 0.01602567667425834272 0.04503392895332470475 0.00000000099999999997 0.00000000099999999997 0.00000000099999999997 0.21473163556644525585 0.00000000099999999997 0.03426646867742003805 0.10131856868338728894 0.04949721759707329666 0.21051205921533422405 0.00322650230443369875 0.19988424756625172707 
0.00000000099999999878 0.00000000099999999878 0.00000000099999999878 0.00000000099999999878 0.00000000099999999878 0.00000000099999999878 0.00000000099999999878 0.00000000099999999878 0.00000000099999999878 0.00000000099999999878 0.00000000099999999878 0.00000000099999999878 0.00000000099999999878 0.99999998699999992358 
0.39419864242294111456 0.00000000099999999991 0.00000000099999999991 0.00000000099999999991 0.02513641551782594755 0.07061743979106030467 0.00000000099999999991 0.05768155222513937641 0.01623355540892892565 0.00000000099999999991 0.00000000099999999991 0.00000000099999999991 0.00094351324753999186 0.43518887438656433941 
0.11431834440418255083 0.00000000099999999993 0.23339305649625857741 0.03486257357652911698 0.00000000099999999993 0.03532057234319307265 0.12077716431633885030 0.06870134365391743214 0.01554706053169211885 0.01178515757064816337 0.01153955166434172605 0.00000000099999999993 0.00000000099999999993 0.35375517144289841953 
0.00000000099999999863 0.00000000099999999863 0.00000000099999999863 0.00000000099999999863 0.00000000099999999863 0.00000000099999999863 0.00000000099999999863 0.00000000099999999863 0.00000000099999999863 0.00000000099999999863 0.00000000099999999863 0.00000000099999999863 0.00000000099999999863 0.99999998699999992358 
0.05224339488275959315 0.00000000099999999967 0.09581583663187497046 0.00000000099999999967 0.00000000099999999967 0.00000000099999999967 0.34616451499721695440 0.50363787213988087110 0.00000000099999999967 0.00000000099999999967 0.00000000099999999967 0.00000000099999999967 0.00000000099999999967 0.00213837234826784375 
0.07073126816104904901 0.00000000099999999970 0.00000000099999999970 0.00000000099999999970 0.00000000099999999970 0.00000000099999999970 0.00000000099999999970 0.00000000099999999970 0.00000000099999999970 0.00000000099999999970 0.00000000099999999970 0.06104061192029125449 0.00000000099999999970 0.86822810891865964678 
0.05402153587263609086 0.00000000099999999993 0.13131027345449378108 0.10915209552415820748 0.07226946626823359254 0.37217202718714270659 0.04321687660712618395 0.00000000099999999993 0.18795577551708370079 0.00000000099999999993 0.01750595179300085819 0.00000000099999999993 0.00000000099999999993 0.01239599277612501473 
0.07821123830977144697 0.00000000099999999952 0.14230576083301665902 0.00000000099999999952 0.03746573887552400589 0.00000000099999999952 0.74201725198168788644 0.00000000099999999952 0.00000000099999999952 0.00000000099999999952 0.00000000099999999952 0.00000000099999999952 0.00000000099999999952 0.00000000099999999952 
0.00000000099999999871 0.00000000099999999871 0.00000000099999999871 0.00000000099999999871 0.00000000099999999871 0.00000000099999999871 0.00000000099999999871 0.00000000099999999871 0.00000000099999999871 0.00000095739895779446 0.00000000099999999871 0.61814254328074491607 0.00000000099999999871 0.38185648832029728261 
0.08637411983100061474 0.00000000099999999969 0.00000000099999999969 0.00000000099999999969 0.00000000099999999969 0.00000000099999999969 0.00000000099999999969 0.02667696831735578630 0.00000000099999999969 0.01947619082562446202 0.10405665119016428710 0.20824730664996007889 0.00000000099999999969 0.55516875518589481331 
0.00000000099999999933 0.00000000099999999933 0.00369245374285153295 0.00799934103182261234 0.00000000099999999933 0.92688885000219245480 0.06141934522313360206 0.00000000099999999933 0.00000000099999999933 0.00000000099999999933 0.00000000099999999933 0.00000000099999999933 0.00000000099999999933 0.00000000099999999933 
0.00000000099999999739 0.00000000099999999739 0.00000000099999999739 0.00000000099999999739 0.00000000099999999739 0.00000000099999999739 0.00000000099999999739 0.99999998699999981255 0.00000000099999999739 0.00000000099999999739 0.00000000099999999739 0.00000000099999999739 0.00000000099999999739 0.00000000099999999739 
0.00000000099999999694 0.00000000099999999694 0.00000000099999999694 0.00000000099999999694 0.00000000099999999694 0.00000000099999999694 0.00000000099999999694 0.93110135568548113572 0.00000000099999999694 0.06889863231451857917 0.00000000099999999694 0.00000000099999999694 0.00000000099999999694 0.00000000099999999694 
0.00000000099999999688 0.00000000099999999688 0.00000000099999999688 0.00000000099999999688 0.00000000099999999688 0.00000000099999999688 0.00000000099999999688 0.99999998699999970153 0.00000000099999999688 0.00000000099999999688 0.00000000099999999688 0.00000000099999999688 0.00000000099999999688 0.00000000099999999688 
0.00000000099999999642 0.00000000099999999642 0.00000000099999999642 0.00000000099999999642 0.00000000099999999642 0.00000000099999999642 0.00000000099999999642 0.00000000099999999642 0.00000000099999999642 0.99999998699999981255 0.00000000099999999642 0.00000000099999999642 0.00000000099999999642 0.00000000099999999642 
0.00000000099999999916 0.00000000099999999916 0.00000000099999999916 0.00000000099999999916 0.00000000099999999916 0.00000000099999999916 0.48853072106283057519 0.00000000099999999916 0.00000000099999999916 0.51146926693716943113 0.00000000099999999916 0.00000000099999999916 0.00000000099999999916 0.00000000099999999916 
0.00000000099999999994 0.00152411107931649009 0.02901174612460107050 0.00000000099999999994 0.03886063055299152774 0.00000000099999999994 0.44797938389411129378 0.19839627629482017857 0.01580288689078907308 0.00000000099999999994 0.05315798439413187831 0.00000000099999999994 0.00000311845529336612 0.21526385731394512280 
0.00000000099999999624 0.00000000099999999624 0.99999998699999981255 0.00000000099999999624 0.00000000099999999624 0.00000000099999999624 0.00000000099999999624 0.00000000099999999624 0.00000000099999999624 0.00000000099999999624 0.00000000099999999624 0.00000000099999999624 0.00000000099999999624 0.00000000099999999624 
0.00000000099999999621 0.00000000099999999621 0.99999998699999992358 0.00000000099999999621 0.00000000099999999621 0.00000000099999999621 0.00000000099999999621 0.00000000099999999621 0.00000000099999999621 0.00000000099999999621 0.00000000099999999621 0.00000000099999999621 0.00000000099999999621 0.00000000099999999621 
0.00000000099999999625 0.00000000099999999625 0.99999998699999992358 0.00000000099999999625 0.00000000099999999625 0.00000000099999999625 0.00000000099999999625 0.00000000099999999625 0.00000000099999999625 0.00000000099999999625 0.00000000099999999625 0.00000000099999999625 0.00000000099999999625 0.00000000099999999625 
0.32799875288898178161 0.00000000099999999983 0.00000000099999999983 0.00000000099999999983 0.00000000099999999983 0.07159585677409384397 0.11507572313061704972 0.00000000099999999983 0.44623781874268453329 0.00000000099999999983 0.00442946742103225363 0.00000000099999999983 0.00000000099999999983 0.03466237304259044139 
0.49015704895540268549 0.00000000099999999989 0.00003603035748695218 0.00000000099999999989 0.00000000099999999989 0.00000000099999999989 0.02079079547720741675 0.00000000099999999989 0.00000000099999999989 0.02343942995392384737 0.03235151603546888854 0.04325764544526184557 0.01561346565108217600 0.37435406212416616478 
0.60976423723340233973 0.00006418124104229108 0.01659389552932090742 0.00420424066611101415 0.02180337775257849831 0.00610813077641719250 0.02971996242642009969 0.00000000099999999999 0.00000000099999999999 0.02011783438285662598 0.04344743999044253790 0.01084141063962862361 0.04192123692904237142 0.19541405043273757380 
0.73220836684727363952 0.02411181591874845057 0.00000000099999999981 0.00000000099999999981 0.00000000099999999981 0.00000000099999999981 0.00474842463064952067 0.02589685905022977644 0.00000000099999999981 0.00000000099999999981 0.06825503041509239921 0.00000000099999999981 0.02279023728025125067 0.12198925885775524502 
0.95682826173770663125 0.00000000099999999980 0.00000000099999999980 0.00000000099999999980 0.00000000099999999980 0.00000000099999999980 0.00000000099999999980 0.00000000099999999980 0.00000000099999999980 0.00847692686488674130 0.00000000099999999980 0.00000000099999999980 0.03469480039740689692 0.00000000099999999980 
0.39040918375637623239 0.00000000099999999955 0.00959447401172496862 0.10285599610408516225 0.00000000099999999955 0.00000000099999999955 0.12115282015846154384 0.00000000099999999955 0.37598751696935234223 0.00000000099999999955 0.00000000099999999955 0.00000000099999999955 0.00000000099999999955 0.00000000099999999955 
0.00000000099999999679 0.00000000099999999679 0.00000000099999999679 0.00000000099999999679 0.00000000099999999679 0.00000000099999999679 0.00000000099999999679 0.00000000099999999679 0.00000000099999999679 0.00000000099999999679 0.00000000099999999679 0.00000000099999999679 0.99999998699999992358 0.00000000099999999679 
0.00000000099999999581 0.00000000099999999581 0.00000000099999999581 0.00000000099999999581 0.00000000099999999581 0.00000000099999999581 0.00000000099999999581 0.00000000099999999581 0.00000000099999999581 0.00000000099999999581 0.00000000099999999581 0.00000000099999999581 0.99999998699999992358 0.00000000099999999581 
0.00000000099999999902 0.99999998700000025664 0.00000000099999999902 0.00000000099999999902 0.00000000099999999902 0.00000000099999999902 0.00000000099999999902 0.00000000099999999902 0.00000000099999999902 0.00000000099999999902 0.00000000099999999902 0.00000000099999999902 0.00000000099999999902 0.00000000099999999902 
0.00000000099999999682 0.99999998699999992358 0.00000000099999999682 0.00000000099999999682 0.00000000099999999682 0.00000000099999999682 0.00000000099999999682 0.00000000099999999682 0.00000000099999999682 0.00000000099999999682 0.00000000099999999682 0.00000000099999999682 0.00000000099999999682 0.00000000099999999682 
0.00000000099999999623 0.99999998700000003460 0.00000000099999999623 0.00000000099999999623 0.00000000099999999623 0.00000000099999999623 0.00000000099999999623 0.00000000099999999623 0.00000000099999999623 0.00000000099999999623 0.00000000099999999623 0.00000000099999999623 0.00000000099999999623 0.00000000099999999623 
0.00000000099999999613 0.99999998700000003460 0.00000000099999999613 0.00000000099999999613 0.00000000099999999613 0.00000000099999999613 0.00000000099999999613 0.00000000099999999613 0.00000000099999999613 0.00000000099999999613 0.00000000099999999613 0.00000000099999999613 0.00000000099999999613 0.00000000099999999613 
0.00000000099999999597 0.99999998699999992358 0.00000000099999999597 0.00000000099999999597 0.00000000099999999597 0.00000000099999999597 0.00000000099999999597 0.00000000099999999597 0.00000000099999999597 0.00000000099999999597 0.00000000099999999597 0.00000000099999999597 0.00000000099999999597 0.00000000099999999597 
0.26390535060286574032 0.00000000099999999974 0.00000000099999999974 0.09432866577448009715 0.07722196427219160664 0.12089346697322808644 0.06736504943815795066 0.00000000099999999974 0.36695436603701858669 0.00000000099999999974 0.00933112990205793233 0.00000000099999999974 0.00000000099999999974 0.00000000099999999974 
0.00000000099999999615 0.99999998699999992358 0.00000000099999999615 0.00000000099999999615 0.00000000099999999615 0.00000000099999999615 0.00000000099999999615 0.00000000099999999615 0.00000000099999999615 0.00000000099999999615 0.00000000099999999615 0.00000000099999999615 0.00000000099999999615 0.00000000099999999615 
0.00000000099999999582 0.00000000099999999582 0.00000000099999999582 0.00000000099999999582 0.00000000099999999582 0.00000000099999999582 0.00000000099999999582 0.00000000099999999582 0.00000000099999999582 0.00000000099999999582 0.00000000099999999582 0.00000000099999999582 0.99999998699999981255 0.00000000099999999582 
0.00000000099999999575 0.00000000099999999575 0.00000000099999999575 0.00000000099999999575 0.00000000099999999575 0.00000000099999999575 0.00000000099999999575 0.00000000099999999575 0.00000000099999999575 0.00000000099999999575 0.00000000099999999575 0.00000000099999999575 0.99999998699999992358 0.00000000099999999575 
0.00000000099999999589 0.00000000099999999589 0.00000000099999999589 0.00000000099999999589 0.00000000099999999589 0.00000000099999999589 0.00000000099999999589 0.00000000099999999589 0.00000000099999999589 0.00000000099999999589 0.00000000099999999589 0.00000000099999999589 0.99999998699999992358 0.00000000099999999589 
0.00000000099999999598 0.99999998699999981255 0.00000000099999999598 0.00000000099999999598 0.00000000099999999598 0.00000000099999999598 0.00000000099999999598 0.00000000099999999598 0.00000000099999999598 0.00000000099999999598 0.00000000099999999598 0.00000000099999999598 0.00000000099999999598 0.00000000099999999598 
0.00000000099999999604 0.99999998700000003460 0.00000000099999999604 0.00000000099999999604 0.00000000099999999604 0.00000000099999999604 0.00000000099999999604 0.00000000099999999604 0.00000000099999999604 0.00000000099999999604 0.00000000099999999604 0.00000000099999999604 0.00000000099999999604 0.00000000099999999604 
0.08629898198232617557 0.00000000099999999984 0.02653811859208918267 0.00000000099999999984 0.02278299089303894784 0.64738073984828592433 0.18424125864418749998 0.00000000099999999984 0.00000000099999999984 0.00000000099999999984 0.02630450012033517040 0.00000000099999999984 0.00000000099999999984 0.00645340291973720004 
0.05198259862930300346 0.00000000099999999947 0.02207750392668573342 0.00927868359884851356 0.00000000099999999947 0.78711649929310290030 0.00000000099999999947 0.00000000099999999947 0.12954470555206007432 0.00000000099999999947 0.00000000099999999947 0.00000000099999999947 0.00000000099999999947 0.00000000099999999947 
0.00000000099999999910 0.00000000099999999910 0.00000000099999999910 0.04353311055607085589 0.00000000099999999910 0.89090651122659003658 0.00000000099999999910 0.00000000099999999910 0.06556036721733934924 0.00000000099999999910 0.00000000099999999910 0.00000000099999999910 0.00000000099999999910 0.00000000099999999910 
0.02225595034839549305 0.00000000099999999992 0.02294169409270288909 0.00000000099999999992 0.02447247855237811784 0.52638566755730975544 0.00000000099999999992 0.03001044728501797015 0.00000000099999999992 0.00000000099999999992 0.09216406270460432426 0.10733675782161729295 0.00000000099999999992 0.17443293563797424017 
0.01287118492290404911 0.00000000099999999953 0.00000000099999999953 0.00000000099999999953 0.01851448831087874891 0.84910137755326220432 0.02654769133450710777 0.00000000099999999953 0.09296524887844812013 0.00000000099999999953 0.00000000099999999953 0.00000000099999999953 0.00000000099999999953 0.00000000099999999953 
0.00000000099999999948 0.00000000099999999948 0.01131128275960703762 0.00000000099999999948 0.00001665555450850146 0.75310014351689802403 0.00000000099999999948 0.00000000099999999948 0.23557190816898659902 0.00000000099999999948 0.00000000099999999948 0.00000000099999999948 0.00000000099999999948 0.00000000099999999948 
