0.00000000099999999955 0.99999999800000005656 0.00000000099999999955 
0.00000000099999999956 0.99999999799999994554 0.00000000099999999956 
0.00000000099999999955 0.99999999800000005656 0.00000000099999999955 
0.02475576073994395152 0.00000000100000000000 0.97524423826005612881 
0.02550003603310560182 0.00000000100000000000 0.97449996296689445074 
0.00000000099999999958 0.99999999800000005656 0.00000000099999999958 
0.00000000099999999962 0.99999999800000005656 0.00000000099999999962 
0.00000000099999999969 0.99999999800000005656 0.00000000099999999969 
0.00000000099999999959 0.99999999799999994554 0.00000000099999999959 
0.00000000099999999963 0.99999999800000005656 0.00000000099999999963 
0.00000000099999999963 0.99999999800000005656 0.00000000099999999963 
0.00000000099999999943 0.00000000099999999943 0.99999999799999994554 
0.00000000099999999946 0.00000000099999999946 0.99999999800000005656 
0.00000000099999999943 0.00000000099999999943 0.99999999799999994554 
0.00000000099999999944 0.00000000099999999944 0.99999999800000005656 
0.00000000099999999995 0.07534729928603182969 0.92465269971396812920 
0.00000000099999999944 0.00000000099999999944 0.99999999800000005656 
0.00000000099999999943 0.00000000099999999943 0.99999999799999994554 
0.00000000099999999942 0.00000000099999999942 0.99999999799999994554 
0.00000000099999999943 0.00000000099999999943 0.99999999800000005656 
0.00000000099999999943 0.00000000099999999943 0.99999999800000005656 
0.00000000099999999943 0.00000000099999999943 0.99999999799999994554 
0.00000000099999999942 0.00000000099999999942 0.99999999800000005656 
0.00000000099999999943 0.00000000099999999943 0.99999999799999994554 
0.00000000099999999945 0.00000000099999999945 0.99999999800000005656 
0.00000000099999999943 0.00000000099999999943 0.99999999800000005656 
0.00000000099999999942 0.00000000099999999942 0.99999999799999994554 
0.00000000099999999983 0.99999999799999994554 0.00000000099999999983 
0.58402877685812204511 0.05738198700824950066 0.35858923613362836402 
0.00000000099999999998 0.98974011875883793898 0.01025988024116213267 
0.36656491831261711623 0.46789378557537669723 0.16554129611200621430 
0.00000000099999999988 0.99999999800000005656 0.00000000099999999988 
0.00000000099999999998 0.99999999799999994554 0.00000000099999999998 
0.43087933518099547081 0.06943197893212228744 0.49968868588688214460 
0.00000000099999999992 0.99999999799999994554 0.00000000099999999992 
0.00000000099999999994 0.99999999800000005656 0.00000000099999999994 
0.51194511441190071466 0.46212435342077123890 0.02593053216732808114 
0.74304045869037749217 0.07462092614385409939 0.18233861516576835293 
0.62450703353437730936 0.27604574715980867428 0.09944721930581411351 
0.60557429539003848618 0.28808681600693070157 0.10633888860303074286 
0.74835901920490355277 0.17501204740365508550 0.07662893339144144500 
0.52884092193511877955 0.44957477487576275044 0.02158430318911856022 
0.88252540770960308247 0.05908937373745750538 0.05838521855293937746 
0.43923715956304404395 0.53843132894929157661 0.02233151148766432045 
0.81537803552131449258 0.15547501221304482755 0.02914695226564068681 
0.76990390106172035267 0.00000000099999999988 0.23009609793827978663 
0.00000000099999999962 0.99999999799999994554 0.00000000099999999962 
0.72260295852733158473 0.23694243479837470701 0.04045460667429365276 
0.69558576324821874692 0.25911396233455297189 0.04530027441722819792 
0.70666951826095814049 0.24825725835518147600 0.04507322338386040433 
0.64823817800245875365 0.29237583964065599895 0.05938598235688523352 
0.46573449470207528567 0.47859827495267343034 0.05566723034525133951 
0.59162751501044041902 0.00000000099999999996 0.40837248398955977580 
0.58775788799734773882 0.00000003921914500752 0.41224207278350716299 
0.27627902793319725205 0.53740172893003401722 0.18631924313676870297 
0.58420073343895217999 0.00000000099999999999 0.41579926556104773727 
0.00000000099999999963 0.99999999800000005656 0.00000000099999999963 
0.49386989897090743940 0.00000000099999999993 0.50613010002909253338 
0.37518723215899757450 0.17417330317125206962 0.45063946466975041139 
0.00000000099999999981 0.99999999800000005656 0.00000000099999999981 
0.89215927079293899649 0.10784072820706087914 0.00000000099999999994 
0.77256538135721553040 0.02363257795739300698 0.20380204068539128914 
0.84939379263866610081 0.15060620636133389971 0.00000000100000000000 
0.03148495871148313668 0.96851504028851687078 0.00000000099999999998 
0.00000000099999999997 0.98738671631753505142 0.01261328268246511217 
0.12644811759728069589 0.86532624990888640237 0.00822563249383293990 
0.07553842112662224884 0.90693117067640938167 0.01753040819696835909 
0.06427978308222552506 0.92514264164149051517 0.01057757527628403263 
0.00000000099999999989 0.99999999799999994554 0.00000000099999999989 
0.01385915091909873872 0.98009548110847222180 0.00604536797242902126 
0.00000000099999999995 0.99999999799999994554 0.00000000099999999995 
0.19123950747126103322 0.51348370873488358157 0.29527678379385535745 
0.41718346822030794030 0.56057481535250341942 0.02224171642718861253 
0.18459085216324300216 0.80258635803309141821 0.01282278980366563861 
0.70744641812422714988 0.21975475930082094544 0.07279882257495182141 
0.37937571483530346805 0.59871157949241171625 0.02191270567228482610 
0.24669817771339730417 0.59097503624177316617 0.16232678604482952966 
0.06227689797784850823 0.93634088558171135741 0.00138221644044017686 
0.39510899891798273442 0.59091893834529785057 0.01397206273671939940 
0.23289468182618874859 0.46452259032921161541 0.30258272784459966376 
0.04355093510066865986 0.95644906389933126434 0.00000000099999999998 
0.13109203313987391470 0.57040110706591828915 0.29850685979420776839 
0.08533369083316269532 0.90215170493930674223 0.01251460422753055378 
0.78594103794151781717 0.03677621233853560490 0.17728274971994661957 
0.45390797008471284180 0.03644943615423716643 0.50964259376105003341 
0.00000000099999999998 0.98774638496588751391 0.01225361403411245019 
0.06948097977835863970 0.91171210831575100197 0.01880691190589034792 
0.91814088606077493004 0.00942537046517452799 0.07243374347405046043 
0.00000000099999999960 0.99999999800000005656 0.00000000099999999960 
0.00000000099999999955 0.99999999800000005656 0.00000000099999999955 
0.00000000099999999956 0.99999999799999994554 0.00000000099999999956 
0.00000000099999999959 0.99999999800000005656 0.00000000099999999959 
0.21398408975791866071 0.53304716580598232589 0.25296874443609901340 
0.28388053165941212752 0.47063731043551265687 0.24548215790507532663 
0.00000000099999999944 0.00000000099999999944 0.99999999800000005656 
0.00000000099999999944 0.00000000099999999944 0.99999999799999994554 
0.00000000099999999944 0.00000000099999999944 0.99999999799999994554 
0.86627251540536287511 0.11778289118044818484 0.01594459341418901638 
0.34697441373955772992 0.60345424890452592503 0.04957133735591638668 
0.49748390393609492888 0.45046721025422459261 0.05204888580968049933 
0.51462307892469938420 0.44714900835990528671 0.03822791271539525970 
0.60731221862220641228 0.34517460693307711050 0.04751317444471632456 
0.83722528852578514957 0.05611518061840010951 0.10665953085581476867 
0.71567144674480998034 0.28432855225518988140 0.00000000099999999995 
0.70727226721068137127 0.29272773178931849047 0.00000000099999999993 
0.70965353830089505927 0.29034646069910502453 0.00000000099999999995 
0.71181648921684059772 0.28818350978315926403 0.00000000099999999994 
0.70962200416064591391 0.29037799483935394784 0.00000000099999999994 
0.71306441035421186392 0.28693558864578805334 0.00000000099999999993 
0.71523007524282788960 0.28476992375717208317 0.00000000099999999994 
0.90346929386293783892 0.06220564433597226134 0.03432506180108981647 
0.71372946588659202938 0.28627053311340783237 0.00000000099999999994 
0.70539073378160088712 0.29460926521839919667 0.00000000099999999993 
0.70501847002211281978 0.29498152897788709748 0.00000000099999999994 
0.70405139878111211438 0.29594860021888791390 0.00000000099999999994 
0.71618601461031961009 0.28381398438968030717 0.00000000099999999994 
0.71382621904750198638 0.28617377995249787537 0.00000000099999999993 
0.75743301045619726430 0.07468980072619806065 0.16787718881760479994 
0.94328314009825053876 0.00000000099999999997 0.05671685890174960748 
0.97685256507414353067 0.00000000099999999997 0.02314743392585644557 
0.53760884299111544316 0.40007763101367760372 0.06231352599520697394 
0.95625659693773390480 0.00000000099999999996 0.04374340206226606798 
0.94377372254408198327 0.00000000099999999996 0.05622627645591814910 
0.94382197104393095177 0.00000000099999999996 0.05617802795606911120 
0.93251943261315739520 0.01145538846557968629 0.05602517892126297749 
0.99999999800000005656 0.00000000099999999991 0.00000000099999999991 
0.47890019561812563476 0.47063147802901922345 0.05046832635285519730 
0.93993690699419030210 0.00000000099999999995 0.06006309200580981639 
0.47970490338254540008 0.47139150200927348866 0.04890359460818115289 
0.93353849010245715245 0.00000000099999999995 0.06646150889754287583 
0.81164309497879016941 0.04287988270357988990 0.14547702231762982272 
0.30580723132576015377 0.03830777236316770806 0.65588499631107211041 
0.45998186905227733678 0.02763237789955636306 0.51238575304816624811 
0.64658162085803949637 0.00000000099999999994 0.35341837814196069845 
0.91964154364429107069 0.02092231243719720052 0.05943614391851167328 
0.96413003370218830490 0.01718870476726719332 0.01868126153054455729 
0.97173494912412994307 0.02633077134200826480 0.00193427953386174204 
0.99205777703388331457 0.00794222196611656626 0.00000000099999999998 
0.79262269032749899100 0.00000000099999999991 0.20737730867250100952 
0.94647884759169487179 0.01395447042009919508 0.03956668198820592619 
0.79760781401700076021 0.00000000099999999997 0.20239218498299910154 
0.61137307130633056218 0.00000000099999999996 0.38862692769366952161 
0.69704491520634781487 0.00000000099999999990 0.30295508379365215790 
0.57452687783529032828 0.00000000099999999994 0.42547312116470964449 
0.81967180824355301283 0.00000000099999999997 0.18032819075644695994 
0.55825403188167521673 0.00000000099999999992 0.44174596711832497808 
0.86718224409604793834 0.00000000099999999991 0.13281775490395206218 
0.91770465851153149028 0.00000000099999999992 0.08229534048846864902 
0.87631739862087243420 0.02829410638960316166 0.09538849498952445272 
0.45794746128421459641 0.00000000099999999989 0.54205253771578532085 
0.91007547776884389901 0.03776680067545606229 0.05215772155570006646 
0.95646883907572954886 0.04353115992427045861 0.00000000099999999995 
0.94556039631927524258 0.04829862465032327273 0.00614097903040146040 
0.83222656288799967683 0.08446975127155978424 0.08330368584044053892 
0.58409541353156102517 0.35640442521080084592 0.05950016125763813585 
0.93696569649115490908 0.00000000099999999993 0.06303430250884507757 
0.95604677414168459659 0.00009717428719593235 0.04385605157111958918 
0.76514995389865025910 0.06897209313124842700 0.16587795297010121676 
0.00000000099999999965 0.99999999800000005656 0.00000000099999999965 
0.00000000099999999959 0.99999999800000005656 0.00000000099999999959 
0.00000000099999999958 0.99999999799999994554 0.00000000099999999958 
0.15923310665282683352 0.00000000099999999993 0.84076689234717305599 
0.63936815652912859509 0.00411505385941075916 0.35651678961146071600 
0.94158202261720846948 0.03580028902603851065 0.02261768835675314129 
0.84584653618583027779 0.00000000099999999997 0.15415346281416963947 
0.84307964969022286539 0.00000000099999999997 0.15692034930977721841 
0.84594828637099761526 0.00000000099999999998 0.15405171262900232976 
0.99999999800000005656 0.00000000099999999994 0.00000000099999999994 
0.99999999799999994554 0.00000000099999999991 0.00000000099999999991 
0.99999999800000005656 0.00000000099999999991 0.00000000099999999991 
0.38474447304997361208 0.57443480423869197615 0.04082072271133442565 
0.90215277371985869159 0.04831892943513935168 0.04952829684500191509 
0.65732441450411016604 0.33170953206792525014 0.01096605342796450402 
0.67288774208664314802 0.27710619593200946920 0.05000606198134739666 
0.97945385666074369357 0.01149999446280858782 0.00904614887644776718 
0.97123726771467866481 0.02214652680819959724 0.00661620547712169632 
0.99999999746095302733 0.00000000099999999997 0.00000000153904702764 
0.99999999800000005656 0.00000000099999999993 0.00000000099999999993 
0.99999999799999994554 0.00000000099999999992 0.00000000099999999992 
0.86090975971311645143 0.00000000099999999992 0.13909023928688368787 
0.93247800390046220453 0.00000000099999999991 0.06752199509953780987 
0.95505512814364568186 0.00000000099999999991 0.04494487085635429091 
0.84065111763086652896 0.00000000099999999986 0.15934888136913344381 
0.68791142660329451797 0.00984518659773324367 0.30224338679897222448 
0.88923174454389730670 0.00528552166542101392 0.10548273379068166811 
0.95184380863252116001 0.00000000099999999988 0.04815619036747890297 
0.94289161989322334279 0.00000000099999999990 0.05710837910677674101 
0.91386575333469100002 0.00000000099999999991 0.08613424566530906989 
0.88547903122580950974 0.00000000099999999993 0.11452096777419064344 
0.89941252486919232023 0.10058747413080762478 0.00000000099999999997 
0.95788202480253958893 0.00578883177286060487 0.03632914342459976631 
0.91499072960105765073 0.05229792808627753420 0.03271134231266471099 
0.16481544160540359534 0.82384434829491870467 0.01134021009967775204 
0.88984380553077646603 0.05475574977175830943 0.05540044469746516209 
0.84806359905734729487 0.13278917047915447802 0.01914723046349826180 
0.99999999800000005656 0.00000000099999999986 0.00000000099999999986 
0.66030780100683672540 0.00000000099999999989 0.33969219799316324737 
0.93765618138668060944 0.00000000099999999989 0.06234381761331954375 
0.99239392070968557302 0.00000000099999999986 0.00760607829031442317 
0.99490106552905266390 0.00000000099999999990 0.00509893347094740428 
0.97584908186806407215 0.00000000099999999993 0.02415091713193581041 
0.86308156959783399742 0.02206512747006093150 0.11485330293210510577 
0.82742105156276335443 0.00000000099999999989 0.17257894743723659059 
0.99999999799999994554 0.00000000099999999984 0.00000000099999999984 
0.97397186717043893189 0.00000000099999999985 0.02602813182956116231 
0.86373756572066850978 0.00000000099999999997 0.13626243327933160177 
0.75418877141240281414 0.05391827653267109582 0.19189295205492612473 
0.87016072594728510747 0.03075571756817180660 0.09908355648454315878 
0.95055036832880568376 0.00886459836530123155 0.04058503330589318531 
0.96864698052122755190 0.00002515036879598898 0.03132786910997633484 
0.97848593930134686314 0.00000000099999999999 0.02151405969865326576 
0.54139055417106629609 0.01608360018729181745 0.44252584564164182401 
0.95220502369513637664 0.04779497530486349899 0.00000000099999999997 
0.85388247502574154968 0.00000000099999999997 0.14611752397425842309 
0.92616582693449966968 0.07383417206550034473 0.00000000099999999993 
0.89409067658133645207 0.10590932241866356234 0.00000000099999999996 
0.59918418778668902647 0.39939295712727918009 0.00142285508603193678 
0.02678163114909775516 0.97321836785090221067 0.00000000099999999997 
0.48589021645298730023 0.51410978254701256152 0.00000000099999999998 
0.99999999799999994554 0.00000000099999999988 0.00000000099999999988 
0.97658512685283582755 0.00000000099999999989 0.02341487214716424931 
0.85027157719701229599 0.14366147450719568557 0.00606694829579196640 
0.97020396077656956280 0.02979603822343044120 0.00000000099999999997 
0.80233432839702756301 0.00000000099999999989 0.19766567060297243752 
0.99999999799999994554 0.00000000099999999979 0.00000000099999999979 
0.99999999800000005656 0.00000000099999999990 0.00000000099999999990 
0.99225025687434453836 0.00774974212565550206 0.00000000099999999999 
0.92247628212215559973 0.00000000099999999985 0.07752371687784448406 
0.99999999799999994554 0.00000000099999999979 0.00000000099999999979 
0.91170641853924949682 0.00000000099999999987 0.08829358046075044819 
0.99999999800000005656 0.00000000099999999980 0.00000000099999999980 
0.54901475976907632148 0.00000000099999999994 0.45098523923092370680 
0.99999999800000005656 0.00000000099999999990 0.00000000099999999990 
0.91042060296856552881 0.00000000099999999990 0.08957939603143444396 
0.99999999800000005656 0.00000000099999999988 0.00000000099999999988 
0.52695655438175836860 0.00000000099999999992 0.47304344461824177070 
0.88636220996059522648 0.02793859774800613524 0.08569919229139863481 
0.90844664681364339920 0.00000000099999999987 0.09155335218635662908 
0.65427533912040047870 0.00000000099999999995 0.34572465987959949407 
0.52422130399156929847 0.00000000099999999992 0.47577869500843072981 
0.91269200545472561892 0.00000000099999999989 0.08730799354527440936 
0.99999999799999994554 0.00000000099999999990 0.00000000099999999990 
0.00000000099999999989 0.99999999799999994554 0.00000000099999999989 
0.24426080230317007147 0.48092299302026042529 0.27481620467656958651 
0.00000000099999999986 0.99999999800000005656 0.00000000099999999986 
0.00000000099999999990 0.99999999800000005656 0.00000000099999999990 
0.00000000099999999980 0.99999999800000005656 0.00000000099999999980 
0.00000000099999999985 0.99999999800000005656 0.00000000099999999985 
0.00000000099999999990 0.99999999799999994554 0.00000000099999999990 
0.00000000099999999990 0.99999999799999994554 0.00000000099999999990 
0.00000000099999999975 0.99999999800000005656 0.00000000099999999975 
0.00712432982353706275 0.98080347997560679563 0.01207219020085612167 
0.01470513698324419152 0.98529486201675564594 0.00000000099999999997 
0.00000000099999999976 0.99999999799999994554 0.00000000099999999976 
0.02225822692303296851 0.97774177207696699732 0.00000000099999999997 
0.00000000099999999983 0.99999999800000005656 0.00000000099999999983 
0.00000000099999999986 0.99999999800000005656 0.00000000099999999986 
0.00000000099999999995 0.99999999799999994554 0.00000000099999999995 
0.01552470828609707997 0.98447529071390293964 0.00000000099999999997 
0.00000000099999999988 0.99999999799999994554 0.00000000099999999988 
0.00000000099999999994 0.99999999800000005656 0.00000000099999999994 
0.00000000099999999984 0.99999999800000005656 0.00000000099999999984 
0.00000000099999999961 0.99999999800000005656 0.00000000099999999961 
0.00000000099999999959 0.99999999799999994554 0.00000000099999999959 
0.00000000099999999953 0.99999999799999994554 0.00000000099999999953 
0.00000000099999999966 0.99999999799999994554 0.00000000099999999966 
0.00000000099999999966 0.99999999799999994554 0.00000000099999999966 
0.00000000099999999953 0.99999999800000005656 0.00000000099999999953 
0.00000000099999999953 0.99999999799999994554 0.00000000099999999953 
0.00000000099999999965 0.99999999799999994554 0.00000000099999999965 
