0.00000000099999999933 0.00000000099999999933 0.00000000099999999933 0.99999999699999997382 
0.00000000099999999933 0.00000000099999999933 0.00000000099999999933 0.99999999700000008485 
0.00000000099999999932 0.00000000099999999932 0.00000000099999999932 0.99999999699999997382 
0.10303081194744624638 0.00000000099999999999 0.89696918605255371304 0.00000000099999999999 
0.10820309230387653576 0.00000000099999999999 0.89179690569612335427 0.00000000099999999999 
0.00000000099999999937 0.00000000099999999937 0.00000000099999999937 0.99999999699999997382 
0.00000000099999999942 0.00000000099999999942 0.00000000099999999942 0.99999999699999997382 
0.00000000099999999953 0.00000000099999999953 0.00000000099999999953 0.99999999699999997382 
0.00000000099999999939 0.00000000099999999939 0.00000000099999999939 0.99999999700000008485 
0.00000000099999999944 0.00000000099999999944 0.00000000099999999944 0.99999999700000008485 
0.00000000099999999942 0.00000000099999999942 0.00000000099999999942 0.99999999699999997382 
0.00000000099999999910 0.00000000099999999910 0.99999999699999986280 0.00000000099999999910 
0.00000000099999999916 0.00000000099999999916 0.99999999699999986280 0.00000000099999999916 
0.00000000099999999911 0.00000000099999999911 0.99999999699999986280 0.00000000099999999911 
0.00000000099999999913 0.00000000099999999913 0.99999999699999997382 0.00000000099999999913 
0.00000000099999999988 0.00000000099999999988 0.92047529210970868707 0.07952470589029120296 
0.00000000099999999913 0.00000000099999999913 0.99999999699999997382 0.00000000099999999913 
0.00000000099999999912 0.00000000099999999912 0.99999999699999997382 0.00000000099999999912 
0.00000000099999999910 0.00000000099999999910 0.99999999699999986280 0.00000000099999999910 
0.00000000099999999911 0.00000000099999999911 0.99999999699999997382 0.00000000099999999911 
0.00000000099999999911 0.00000000099999999911 0.99999999699999986280 0.00000000099999999911 
0.00000000099999999912 0.00000000099999999912 0.99999999699999997382 0.00000000099999999912 
0.00000000099999999911 0.00000000099999999911 0.99999999699999986280 0.00000000099999999911 
0.00000000099999999912 0.00000000099999999912 0.99999999699999986280 0.00000000099999999912 
0.00000000099999999914 0.00000000099999999914 0.99999999699999997382 0.00000000099999999914 
0.00000000099999999911 0.00000000099999999911 0.99999999699999997382 0.00000000099999999911 
0.00000000099999999909 0.00000000099999999909 0.99999999699999986280 0.00000000099999999909 
0.00000000099999999976 0.00000000099999999976 0.00000000099999999976 0.99999999700000008485 
0.57944204982909275348 0.04265665300542813981 0.32965896141290323973 0.04824233575257588780 
0.00000000099999999997 0.02011546550185563595 0.00736105761052824673 0.97252347588761611785 
0.34992237632947903458 0.04490908851055526452 0.15106013308216204027 0.45410840207780373001 
0.00000000099999999990 0.00000062465071818440 0.00000000099999999990 0.99999937334928179489 
0.00000000099999999997 0.01292569928895053420 0.00000000099999999997 0.98707429871104945818 
0.47007796198415985334 0.02083191106969193782 0.44568308599215367138 0.06340704095399458950 
0.00000000099999999993 0.00516531158918457755 0.00000000099999999993 0.99483468641081551631 
0.00000000099999999994 0.00920114362274813968 0.00000000099999999994 0.99079885437725190300 
0.45759290812031910844 0.07858551138035903272 0.02277333306279553937 0.44104824743652643049 
0.76375459782928711849 0.01776294688493238946 0.14726898456609049948 0.07121347071969001685 
0.57518521164667046897 0.08463868021208467707 0.08964443117457804311 0.25053167696666678310 
0.58826034662370807471 0.04635603727256040751 0.08931994873440175786 0.27606366736932974604 
0.68296109008195493573 0.09953859117059460360 0.06739443233646350007 0.15010588641098704388 
0.49468544616766191302 0.05824691344686518807 0.01445817715185276561 0.43260946323362020616 
0.86691254440631926315 0.03709386217127755292 0.04389929752558067999 0.05209429589682259415 
0.39073287791235800093 0.07478562364015156616 0.01917924493268119077 0.51530225351480918317 
0.77917355718082437210 0.06052044454745195146 0.01588374543902916144 0.14442225283269458092 
0.81848275316046548156 0.00000000099999999978 0.18151724483953451950 0.00000000099999999978 
0.00000000099999999943 0.00000000099999999943 0.00000000099999999943 0.99999999699999997382 
0.58547765671061213766 0.18615681198778250005 0.03883317987746208455 0.18953235142414340264 
0.56551834358829211613 0.17666205686382022155 0.04398636284540914654 0.21383323670247850190 
0.57500278441711183408 0.17705367975324048935 0.04351889978351346916 0.20442463604613425598 
0.51440136716354256663 0.18538468071537322901 0.05823548591566805877 0.24197846620541615947 
0.34405849371376079349 0.17250757545660855286 0.05479773842521298843 0.42863619240441769298 
0.63567874802742330154 0.00000000099999999996 0.36432124997257669952 0.00000000099999999996 
0.62267048468688523943 0.00157018434200387061 0.37029915305150495897 0.00546017791960595137 
0.30196683563728643485 0.00000000099999999998 0.16090088191083509739 0.53713228145187852380 
0.61190226495227884040 0.01227154114763687881 0.37582619290008423274 0.00000000099999999999 
0.00000000099999999944 0.00000000099999999944 0.00000000099999999944 0.99999999699999997382 
0.54338126785872353786 0.00000000099999999989 0.45661873014127646320 0.00000000099999999989 
0.41838374770937269975 0.00000000099999999996 0.40744393583973853579 0.17417231545088862621 
0.00000000099999999972 0.00000000099999999972 0.00000000099999999972 0.99999999700000008485 
0.83998437127113356748 0.06253950849386706590 0.00000000099999999993 0.09747611923499940878 
0.79122447532483375365 0.01131556801422407138 0.16995033923720673230 0.02750961742373544267 
0.77442546138774581710 0.09492071251546584099 0.00000000099999999999 0.13065382509678841183 
0.02338211768176095412 0.01841916307763009214 0.00000000099999999998 0.95819871824060898202 
0.00000000099999999997 0.00000000099999999997 0.01226651046771979996 0.98773348753228018548 
0.08197665591999636625 0.06810670134887475413 0.00943201203479620762 0.84048463069633272404 
0.06008548731865883535 0.03179627985233492854 0.01652454671937072378 0.89159368610963563029 
0.05240577444667453288 0.02313937469808789726 0.01023415858638055363 0.91422069226885704918 
0.00000000099999999985 0.00000000099999999985 0.00000000099999999985 0.99999999699999997382 
0.01177178771894581491 0.00555722052832448559 0.00608491910595971870 0.97658607264676999815 
0.00000000099999999995 0.00000000099999999995 0.00000000099999999995 0.99999999700000008485 
0.18999453864303031403 0.02312507994627659158 0.28077872848359891611 0.50610165292709430318 
0.38129269635940882255 0.05023443448391551325 0.02109789630362497725 0.54737497285305070083 
0.12723303529077600871 0.07807940600613401394 0.01341254838131064435 0.78127501032177926188 
0.63729425282599161395 0.10896402746472509671 0.06264166273285629027 0.19110005697642692968 
0.31597909044134786516 0.08880154876116598539 0.02033856829324153653 0.57488079250424461986 
0.22414930522841017280 0.05267086657815184952 0.15035850095882960509 0.57282132723460832402 
0.04294423888030805825 0.04097864328161851533 0.00107188507574391338 0.91500523276232947900 
0.34107058235629056364 0.07843747079860555194 0.01141768033112812268 0.56907426651397585715 
0.23108470257847169016 0.02013430531065268578 0.29072511163198794248 0.45805588047888767811 
0.03880872167127918937 0.01232463439043428831 0.00000000099999999999 0.94886664293828659744 
0.14977083906023655469 0.00451466583928901346 0.27711998867767723143 0.56859450642279729671 
0.07019152591523282469 0.02955864123071931526 0.01240957288795179608 0.88784025996609605702 
0.79775019362233545728 0.00722860225763205435 0.15802403632592246230 0.03699716779411017786 
0.45279695082513138349 0.04824265134066210714 0.47363156606220968570 0.02532883177199690694 
0.00000000099999999998 0.00000000099999999998 0.01173935016791910479 0.98826064783208100728 
0.03878145274457292513 0.04065543671352618571 0.02074699304546496689 0.89981611749643597431 
0.93142372391434591350 0.00974391145245551149 0.04726462966101647317 0.01156773497218227184 
0.00000000099999999938 0.00000000099999999938 0.00000000099999999938 0.99999999699999997382 
0.00000000099999999933 0.00000000099999999933 0.00000000099999999933 0.99999999700000008485 
0.00000000099999999934 0.00000000099999999934 0.00000000099999999934 0.99999999700000008485 
0.00000000099999999940 0.00000000099999999940 0.00000000099999999940 0.99999999699999997382 
0.24186182049972965169 0.00000000099999999997 0.22599517699830920514 0.53214300150196125472 
0.30085357646261151610 0.00928598733735459467 0.22253779326995104526 0.46732264293008290990 
0.00000000099999999913 0.00000000099999999913 0.99999999699999986280 0.00000000099999999913 
0.00000000099999999913 0.00000000099999999913 0.99999999699999986280 0.00000000099999999913 
0.00000000099999999913 0.00000000099999999913 0.99999999699999986280 0.00000000099999999913 
0.84808203838415274767 0.04297359568852394951 0.00000000099999999999 0.10894436492732327559 
0.26301058769963603368 0.11667331221371426975 0.04906519771069178804 0.57125090237595788079 
0.38909098816299514390 0.15075806091141363829 0.05106734980304197119 0.40908360112254926744 
0.39113292426855877926 0.17014232105674340079 0.03671097557046474474 0.40201377910423308215 
0.47176636342939648472 0.18902043964880060889 0.04689551787899470803 0.29231767904280808734 
0.82138353663956054085 0.05001040282676514487 0.08066965817197185862 0.04793640236170251118 
0.00000000099999999937 0.99999999699999997382 0.00000000099999999937 0.00000000099999999937 
0.00000000099999999915 0.99999999700000008485 0.00000000099999999915 0.00000000099999999915 
0.00000000099999999995 0.99999999699999997382 0.00000000099999999995 0.00000000099999999995 
0.00000000099999999933 0.99999999699999997382 0.00000000099999999933 0.00000000099999999933 
0.00000000099999999913 0.99999999699999997382 0.00000000099999999913 0.00000000099999999913 
0.00000000099999999911 0.99999999700000008485 0.00000000099999999911 0.00000000099999999911 
0.00000000099999999909 0.99999999699999997382 0.00000000099999999909 0.00000000099999999909 
0.89647828729051937113 0.03212814582097021920 0.01360884918578625716 0.05778471770272416985 
0.00000000099999999912 0.99999999699999997382 0.00000000099999999912 0.00000000099999999912 
0.00000000099999999916 0.99999999700000008485 0.00000000099999999916 0.00000000099999999916 
0.00000000099999999914 0.99999999699999997382 0.00000000099999999914 0.00000000099999999914 
0.00000000099999999918 0.99999999700000008485 0.00000000099999999918 0.00000000099999999918 
0.00000000099999999908 0.99999999700000008485 0.00000000099999999908 0.00000000099999999908 
0.00000000099999999910 0.99999999700000008485 0.00000000099999999910 0.00000000099999999910 
0.76295710707547736984 0.02647154433653514660 0.13911976864893696448 0.07145157993905060234 
0.95611199803823176957 0.00104814277539785894 0.04283985818637047610 0.00000000099999999998 
0.99078142053318785099 0.00000000099999999994 0.00921857746681209803 0.00000000099999999994 
0.53800556942154320605 0.01568077467139763342 0.04929537495525936064 0.39701828095179975131 
0.98459660562301132281 0.00000000099999999997 0.01540339237698877713 0.00000000099999999997 
0.95695893152943323212 0.00000000099999999995 0.04304106647056671342 0.00000000099999999995 
0.95736388074059730613 0.00000000099999999994 0.04263611725940283370 0.00000000099999999994 
0.94564866210047826556 0.00513522589702754793 0.03380989604597156584 0.01540621595652278894 
0.99999999700000008485 0.00000000099999999987 0.00000000099999999987 0.00000000099999999987 
0.49497648435332020078 0.00000000099999999998 0.03282523672398598991 0.47219827792269369882 
0.96467163243015885410 0.00000000099999999992 0.03532836556984122328 0.00000000099999999992 
0.49613313265408448549 0.00000000099999999998 0.03090154128960771046 0.47296532505630772825 
0.96309831982175064802 0.00238338197736497406 0.03451829720088436110 0.00000000099999999995 
0.81068156646669631282 0.03450385641844763707 0.11878606591876897380 0.03602851119608700692 
0.32153277795777190917 0.01558223718607433528 0.62746750765342151901 0.03541747720273232675 
0.49441334409098380842 0.01298109933473591722 0.46599563902920804193 0.02660991754507231744 
0.69263875835462473951 0.00498629021931175712 0.30237495042606343798 0.00000000099999999995 
0.91540697481580979300 0.01834234436956599240 0.04627784399208129812 0.01997283682254306914 
0.96038029230249488677 0.01548929431394312391 0.00792387212379693645 0.01620654125976509971 
0.95427093108998506388 0.02294201094224544019 0.00000000099999999998 0.02278705696776970463 
0.99147784749012690675 0.00087901961073802827 0.00000000099999999994 0.00764313189913504165 
0.82297129280983982724 0.00000000099999999987 0.17702870519016020157 0.00000000099999999987 
0.95812728499447041841 0.01142434238125410693 0.01663767778088505456 0.01381069484339034377 
0.84892189294740005856 0.00000000099999999996 0.15107810505259985923 0.00000000099999999996 
0.66384694898879292868 0.00105099865632462684 0.33510205135488246864 0.00000000099999999997 
0.76505812199623324243 0.00000000099999999983 0.23494187600376661984 0.00000000099999999983 
0.64713741871209895518 0.00000000099999999993 0.35286257928790110139 0.00000000099999999993 
0.85251398679787360191 0.00160355182162870620 0.14588246038049754172 0.00000000099999999998 
0.62133456449851443004 0.00000000099999999987 0.37866543350148551550 0.00000000099999999987 
0.91624847842004686349 0.00000000099999999983 0.08375151957995312368 0.00000000099999999983 
0.95681712983204181278 0.00000000099999999985 0.04318286816795816052 0.00000000099999999985 
0.89611894545979453586 0.00976152329377178232 0.06433321074910984538 0.02978632049732387807 
0.53844144990799625017 0.00000000099999999980 0.46155854809200363986 0.00000000099999999980 
0.90794139354880332160 0.02384095989469203064 0.03110258759499066536 0.03711505896151410383 
0.94201186113800183808 0.01395657924377553989 0.00000000099999999994 0.04403155861822261735 
0.91697136430865489043 0.04222048604713642822 0.00000000099999999998 0.04080814864420868188 
0.81278216230859978708 0.04649364274422780607 0.06423490494111491755 0.07648929000605755868 
0.50943770573264424151 0.11136805988217651775 0.05244059201071538112 0.32675364237446385962 
0.97703686863812411190 0.00000000099999999990 0.02296312936187597589 0.00000000099999999990 
0.96278659562944357564 0.01291112424176597134 0.02430227912879041885 0.00000000100000000000 
0.75034729352494144994 0.04895487235505292106 0.14236072442416905504 0.05833710969583658090 
0.00000000099999999947 0.00000000099999999947 0.00000000099999999947 0.99999999700000008485 
0.00000000099999999938 0.00000000099999999938 0.00000000099999999938 0.99999999699999997382 
0.00000000099999999936 0.00000000099999999936 0.00000000099999999936 0.99999999699999997382 
0.18880148542612085194 0.00000000099999999986 0.81119851257387909360 0.00000000099999999986 
0.65688671307764401330 0.01409217006720554950 0.32660498171542862167 0.00241613513972183851 
0.92013324294678544568 0.02475714490075603402 0.02049308410551280851 0.03461652804694577423 
0.86906707801170912653 0.00000000099999999997 0.13093291998829095779 0.00000000099999999997 
0.86659867325267236904 0.00000000099999999996 0.13340132474732757650 0.00000000099999999996 
0.86951445404563676433 0.00000000099999999997 0.13048554395436331999 0.00000000099999999997 
0.99999999699999997382 0.00000000099999999993 0.00000000099999999993 0.00000000099999999993 
0.99999999700000008485 0.00000000099999999986 0.00000000099999999986 0.00000000099999999986 
0.99999999699999997382 0.00000000099999999984 0.00000000099999999984 0.00000000099999999984 
0.27943899084303547298 0.15161603132300091601 0.04065335663986835435 0.52829162119409522891 
0.90312605082480834628 0.01723906439996444537 0.03276141673104063928 0.04687346804418660029 
0.62634345462262375204 0.05099472028327513284 0.00501671450670277547 0.31764511058739824945 
0.62644269960171317102 0.08245812331430379949 0.03946704981183421501 0.25163212727214884223 
0.97513991560226898070 0.01275347132918839416 0.00000000099999999999 0.01210661206854265863 
0.95339137664971473907 0.02464807367210650191 0.00000000099999999999 0.02196054867817888098 
0.99999999700000008485 0.00000000099999999992 0.00000000099999999992 0.00000000099999999992 
0.99999999700000008485 0.00000000099999999986 0.00000000099999999986 0.00000000099999999986 
0.99999999700000008485 0.00000000099999999983 0.00000000099999999983 0.00000000099999999983 
0.90636412481278316733 0.00000000099999999985 0.09363587318721675046 0.00000000099999999985 
0.95620395082164033607 0.00000000099999999980 0.04379604717835974131 0.00000000099999999980 
0.99469988436847522895 0.00000000099999999985 0.00530011363152487446 0.00000000099999999985 
0.89388246826403661149 0.00000000099999999974 0.10611752973596329241 0.00000000099999999974 
0.71576470843779693709 0.00585122496449770688 0.26665281014962743944 0.01173125644807795388 
0.91596825000717962961 0.00000000099999999998 0.07771935353550109282 0.00631239545731940386 
0.97609642916270689117 0.00000000099999999975 0.02390356883729303702 0.00000000099999999975 
0.98464748653099198883 0.00000000099999999979 0.01535251146900791334 0.00000000099999999979 
0.93701082295035509340 0.00000000099999999986 0.06298917504964479663 0.00000000099999999986 
0.90893297703337372351 0.00000000099999999988 0.09106702096662633306 0.00000000099999999988 
0.85944054843510930830 0.04356089976870439195 0.00000000099999999997 0.09699855079618628639 
0.99124202083903933946 0.00000000099999999993 0.00293273934439034715 0.00582523881657031391 
0.88924937815472326896 0.03586251453586870863 0.02338332092770723306 0.05150478638170070261 
0.14538024447095262981 0.02979066562001129667 0.01067150533433341812 0.81415758457470255305 
0.90236058506330929507 0.00307574740834279815 0.03639007233802803859 0.05817359519031985865 
0.80449372089747506198 0.05564054038363961535 0.01440644367194426900 0.12545929504694114387 
0.99999999700000008485 0.00000000099999999974 0.00000000099999999974 0.00000000099999999974 
0.71948207493426685755 0.00000000099999999978 0.28051792306573319902 0.00000000099999999978 
0.96117291589104669747 0.00000000099999999979 0.03882708210895332440 0.00000000099999999979 
0.99999999699999997382 0.00000000099999999971 0.00000000099999999971 0.00000000099999999971 
0.99999999700000008485 0.00000000099999999977 0.00000000099999999977 0.00000000099999999977 
0.98182871343353039784 0.00000000099999999986 0.01817128456646972465 0.00000000099999999986 
0.87904029746434519943 0.00943049285845469834 0.08893163328112617394 0.02259757639607398727 
0.87504651719190418291 0.00000000099999999976 0.12495348080809590141 0.00000000099999999976 
0.99999999700000008485 0.00000000099999999965 0.00000000099999999965 0.00000000099999999965 
0.98391412857896054511 0.00000000099999999972 0.01608586942103957737 0.00000000099999999972 
0.89486332834394599622 0.00000000099999999996 0.10513666965605407422 0.00000000099999999996 
0.74613104239373018167 0.04115252482916985366 0.16743431743451964167 0.04528211534258035770 
0.86986207359258582716 0.02457110566722379638 0.07773629310252368196 0.02783052763766658694 
0.97112125376759184103 0.00486023127924507369 0.01431424385179915632 0.00970427110136394024 
0.98418810052397187604 0.00000000099999999991 0.01528406945762362731 0.00052782901840464560 
0.99063148159441460905 0.00000000099999999992 0.00936851640558542323 0.00000000099999999992 
0.57724756306701552333 0.00905633861749441382 0.39821617610820925215 0.01547992220728073264 
0.91309503069354602811 0.04179359443667035601 0.00000000099999999997 0.04511137386978367192 
0.89635272231040108437 0.00000000099999999990 0.10364727568959895831 0.00000000099999999990 
0.87098722015134977248 0.05948497759822377745 0.00000000099999999992 0.06952780125042637427 
0.83886014207601111714 0.06005369470756950073 0.00000000099999999995 0.10108616221641929245 
0.54143911342590711477 0.08236222406148029085 0.00000000099999999999 0.37619866151261249776 
0.02758842798962858958 0.00000000099999999994 0.00000000099999999994 0.97241157001037137331 
0.46633209380987522552 0.02280031206680772221 0.00000000099999999997 0.51086759312331697647 
0.99999999700000008485 0.00000000099999999979 0.00000000099999999979 0.00000000099999999979 
0.99999999700000008485 0.00000000099999999975 0.00000000099999999975 0.00000000099999999975 
0.78748779199049889765 0.08240151561182683382 0.00047726000578013361 0.12963343239189423217 
0.93185129818556977632 0.04063586917392941755 0.00000000099999999996 0.02751283164050094890 
0.87394986976843436199 0.00000000099999999980 0.12605012823156563906 0.00000000099999999980 
0.99999999699999997382 0.00000000099999999963 0.00000000099999999963 0.00000000099999999963 
0.99999999699999997382 0.00000000099999999980 0.00000000099999999980 0.00000000099999999980 
0.99210479305556287244 0.00000000099999999990 0.00000000099999999990 0.00789520494443723617 
0.96610636036872721277 0.00000000099999999973 0.03389363763127265644 0.00000000099999999973 
0.99999999700000008485 0.00000000099999999963 0.00000000099999999963 0.00000000099999999963 
0.95799136126512973721 0.00000000099999999976 0.04200863673487019445 0.00000000099999999976 
0.99999999699999997382 0.00000000099999999964 0.00000000099999999964 0.00000000099999999964 
0.60240916768308161444 0.00000000099999999993 0.39759083031691833110 0.00000000099999999993 
0.99347451192800273478 0.00652548607199723071 0.00000000099999999990 0.00000000099999999990 
0.94239414333032212046 0.00000000099999999980 0.05760585466967786672 0.00000000099999999980 
0.99999999699999997382 0.00000000099999999983 0.00000000099999999983 0.00000000099999999983 
0.60102757466677048104 0.00000000099999999988 0.39897242333322946450 0.00000000099999999988 
0.90823600451556552038 0.00716923360995638716 0.05420206826246014992 0.03039269361201799372 
0.95401807797479087903 0.00000000099999999975 0.04598192002520925387 0.00000000099999999975 
0.72166232265729834960 0.00000000099999999992 0.27833767534270165145 0.00000000099999999992 
0.59921623535608514732 0.00000000099999999987 0.40078376264391485373 0.00000000099999999987 
0.94431900924522294005 0.00000000099999999980 0.05568098875477694998 0.00000000099999999980 
0.99999999699999997382 0.00000000099999999981 0.00000000099999999981 0.00000000099999999981 
0.00000000099999999988 0.01301285979839053239 0.00000000099999999988 0.98698713820160943744 
0.25823740736048239608 0.01367030137570281363 0.25316819266940460142 0.47492409859441020448 
0.00000000099999999986 0.00000000099999999986 0.00000000099999999986 0.99999999700000008485 
0.00000000099999999990 0.01132173606614997850 0.00000000099999999990 0.98867826193385000000 
0.00000000099999999978 0.00000000099999999978 0.00000000099999999978 0.99999999700000008485 
0.00000000099999999985 0.00647805427832475952 0.00000000099999999985 0.99352194372167523806 
0.00000000099999999989 0.01449399861313382422 0.00000000099999999989 0.98550599938686622714 
0.00000000099999999990 0.00297781319690363679 0.00000000099999999990 0.99702218480309645621 
0.00000000099999999971 0.00000000099999999971 0.00000000099999999971 0.99999999699999997382 
0.00000000100000000000 0.02569385678982115395 0.00766974202719392009 0.96663640018298491174 
0.01569432504319959176 0.00000000099999999997 0.00000000099999999997 0.98430567295680027051 
0.00000000099999999965 0.00000000099999999965 0.00000000099999999965 0.99999999699999997382 
0.01988789180958714514 0.00382914437636038734 0.00000000099999999997 0.97628296281405257950 
0.00000000099999999975 0.00000000099999999975 0.00000000099999999975 0.99999999700000008485 
0.00000000099999999980 0.00000000099999999980 0.00000000099999999980 0.99999999700000008485 
0.00000000099999999994 0.00000000099999999994 0.00000000099999999994 0.99999999700000008485 
0.01660304802244521802 0.00000000099999999996 0.00000000099999999996 0.98339694997755477957 
0.00000000099999999985 0.00000000099999999985 0.00000000099999999985 0.99999999699999997382 
0.00000000099999999992 0.00000000099999999992 0.00000000099999999992 0.99999999699999997382 
0.00000000099999999979 0.00000000099999999979 0.00000000099999999979 0.99999999699999997382 
0.00000000099999999943 0.00000000099999999943 0.00000000099999999943 0.99999999700000008485 
0.00000000099999999938 0.00000000099999999938 0.00000000099999999938 0.99999999699999997382 
0.00000000099999999929 0.00000000099999999929 0.00000000099999999929 0.99999999699999997382 
0.00000000099999999948 0.00000000099999999948 0.00000000099999999948 0.99999999699999997382 
0.00000000099999999948 0.00000000099999999948 0.00000000099999999948 0.99999999699999997382 
0.00000000099999999930 0.00000000099999999930 0.00000000099999999930 0.99999999700000008485 
0.00000000099999999929 0.00000000099999999929 0.00000000099999999929 0.99999999700000008485 
0.00000000099999999947 0.00000000099999999947 0.00000000099999999947 0.99999999699999997382 
