0.00000000099999999822 0.00000000099999999822 0.00000000099999999822 0.00000000099999999822 0.00000000099999999822 0.99999999399999994765 0.00000000099999999822 
0.00000000099999999822 0.00000000099999999822 0.00000000099999999822 0.00000000099999999822 0.00000000099999999822 0.99999999399999994765 0.00000000099999999822 
0.00000000099999999822 0.00000000099999999822 0.00000000099999999822 0.00000000099999999822 0.00000000099999999822 0.99999999399999983662 0.00000000099999999822 
0.00000000099999999999 0.19316861878101240779 0.00000118512122633916 0.09639644393314793225 0.00000000099999999999 0.00000000099999999999 0.71043374916461332624 
0.00000000099999999999 0.13614730955653953082 0.00000016981060818927 0.12025357895166978450 0.00000000099999999999 0.00000000099999999999 0.74359893868118243088 
0.00000000099999999885 0.00000000099999999885 0.00000000099999999885 0.00000000099999999885 0.00000000099999999885 0.99999999399999994765 0.00000000099999999885 
0.00000000099999999876 0.00000000099999999876 0.00000000099999999876 0.00000000099999999876 0.00000000099999999876 0.99999999399999983662 0.00000000099999999876 
0.00000000099999999884 0.00000000099999999884 0.00000000099999999884 0.00000000099999999884 0.00000000099999999884 0.99999999399999994765 0.00000000099999999884 
0.00000000099999999839 0.00000000099999999839 0.00000000099999999839 0.00000000099999999839 0.00000000099999999839 0.99999999399999983662 0.00000000099999999839 
0.00000000099999999844 0.00000000099999999844 0.00000000099999999844 0.00000000099999999844 0.00000000099999999844 0.99999999399999994765 0.00000000099999999844 
0.00000000099999999837 0.00000000099999999837 0.00000000099999999837 0.00000000099999999837 0.00000000099999999837 0.99999999399999983662 0.00000000099999999837 
0.00000000099999999823 0.00000000099999999823 0.00000000099999999823 0.00000000099999999823 0.00000000099999999823 0.00000000099999999823 0.99999999399999994765 
0.00000000099999999844 0.00000000099999999844 0.00000000099999999844 0.00000000099999999844 0.00000000099999999844 0.00000000099999999844 0.99999999400000005867 
0.00000000099999999826 0.00000000099999999826 0.00000000099999999826 0.00000000099999999826 0.00000000099999999826 0.00000000099999999826 0.99999999400000005867 
0.00000000099999999833 0.00000000099999999833 0.00000000099999999833 0.00000000099999999833 0.00000000099999999833 0.00000000099999999833 0.99999999400000005867 
0.00000000099999999976 0.00000000099999999976 0.06435240485221402351 0.00000000099999999976 0.00000000099999999976 0.06966772406678382878 0.86597986708100216369 
0.00000000099999999836 0.00000000099999999836 0.00000000099999999836 0.00000000099999999836 0.00000000099999999836 0.00000000099999999836 0.99999999400000005867 
0.00000000099999999830 0.00000000099999999830 0.00000000099999999830 0.00000000099999999830 0.00000000099999999830 0.00000000099999999830 0.99999999399999994765 
0.00000000099999999823 0.00000000099999999823 0.00000000099999999823 0.00000000099999999823 0.00000000099999999823 0.00000000099999999823 0.99999999399999994765 
0.00000000099999999826 0.00000000099999999826 0.00000000099999999826 0.00000000099999999826 0.00000000099999999826 0.00000000099999999826 0.99999999400000005867 
0.00000000099999999825 0.00000000099999999825 0.00000000099999999825 0.00000000099999999825 0.00000000099999999825 0.00000000099999999825 0.99999999400000005867 
0.00000000099999999825 0.00000000099999999825 0.00000000099999999825 0.00000000099999999825 0.00000000099999999825 0.00000000099999999825 0.99999999399999994765 
0.00000000099999999829 0.00000000099999999829 0.00000000099999999829 0.00000000099999999829 0.00000000099999999829 0.00000000099999999829 0.99999999399999994765 
0.00000000099999999830 0.00000000099999999830 0.00000000099999999830 0.00000000099999999830 0.00000000099999999830 0.00000000099999999830 0.99999999399999994765 
0.00000000099999999836 0.00000000099999999836 0.00000000099999999836 0.00000000099999999836 0.00000000099999999836 0.00000000099999999836 0.99999999399999994765 
0.00000000099999999824 0.00000000099999999824 0.00000000099999999824 0.00000000099999999824 0.00000000099999999824 0.00000000099999999824 0.99999999400000005867 
0.00000000099999999823 0.00000000099999999823 0.00000000099999999823 0.00000000099999999823 0.00000000099999999823 0.00000000099999999823 0.99999999399999994765 
0.34090136353711669726 0.00000000099999999974 0.00000000099999999974 0.00000000099999999974 0.00000000099999999974 0.65909863146288305558 0.00000000099999999974 
0.02200765299743925180 0.13597113606250418871 0.48984555278849356563 0.17280563314730640334 0.02575319004998241970 0.00000000100000000000 0.15361683395427411236 
0.97460999024555272641 0.00000000099999999968 0.00000000099999999968 0.00000000099999999968 0.00000000099999999968 0.02539000475444744623 0.00000000099999999968 
0.43542576520394110640 0.09862188279510954170 0.25597894689859890249 0.10209721714014136085 0.02439507109148271458 0.02732627781156641775 0.05615483905916000829 
0.99999999400000005867 0.00000000099999999903 0.00000000099999999903 0.00000000099999999903 0.00000000099999999903 0.00000000099999999903 0.00000000099999999903 
0.99999999400000016969 0.00000000099999999922 0.00000000099999999922 0.00000000099999999922 0.00000000099999999922 0.00000000099999999922 0.00000000099999999922 
0.04148311212360003553 0.00000000099999999986 0.88218306210077090945 0.00000000099999999986 0.00000000099999999986 0.00000000099999999986 0.07633382177562907100 
0.99999999400000005867 0.00000000099999999914 0.00000000099999999914 0.00000000099999999914 0.00000000099999999914 0.00000000099999999914 0.00000000099999999914 
0.99999999400000005867 0.00000000099999999917 0.00000000099999999917 0.00000000099999999917 0.00000000099999999917 0.00000000099999999917 0.00000000099999999917 
0.31453730774103910717 0.34196490410437890839 0.00000000099999999999 0.16064734836181868149 0.05409493969127993074 0.10535695609767432857 0.02339854300380914826 
0.04403194717088088767 0.00000000099999999997 0.22239215999862457784 0.58950808772772433919 0.01971210513018622004 0.03483599567576158712 0.08951970329682244765 
0.22866922241519072045 0.18213017250333077279 0.08544899706843003817 0.33487737865522365643 0.07018269525109718798 0.02391833615101084110 0.07477319795571697736 
0.27241747129910587333 0.11367440219364487175 0.12522054669385246362 0.37925940237835359392 0.03481051699493382251 0.02011732798790823520 0.05450033245220114314 
0.11913349821235147408 0.23930092678392989036 0.14814149853080216257 0.37359987173001518723 0.07817794456213604526 0.01546730210074393104 0.02617895808002133201 
0.38431047307253823897 0.13133794611205934499 0.04100962090918961606 0.32727934971802968844 0.04216422162815687547 0.06611250273154636869 0.00778588582847992549 
0.02595198314536960663 0.28226995831669138282 0.07684766714270578614 0.54968192974481333568 0.02552128720331874392 0.01324938314450322015 0.02647779130259793334 
0.50276380014829735732 0.16479405133940797090 0.02239195898061558873 0.20606496433318566286 0.05244850498844638026 0.03344142770814771681 0.01809529250189933006 
0.09890279940411321469 0.26773040010475379624 0.17280769556346936566 0.39394616878630789314 0.04142741965295290707 0.02518551548840286536 0.00000000099999999998 
0.00000000099999999966 0.00000000099999999966 0.35811969654631320426 0.57702229777114977249 0.00000000099999999966 0.00000000099999999966 0.06485800168253695597 
0.09318120598666834731 0.00000000099999999935 0.00000000099999999935 0.00000000099999999935 0.00000000099999999935 0.90681878901333168308 0.00000000099999999935 
0.12268529198169605965 0.49260333219323843013 0.03468820749614018317 0.14953928067131827540 0.14585112817892992298 0.01140744846568436145 0.04322531101299276896 
0.12866987477609281854 0.47174028753578667317 0.03289616212116060895 0.15448033256538337699 0.13937181657447395011 0.02830763395830039955 0.04453389246880223168 
0.12594396896040344069 0.48096973416005905921 0.03153815797581352443 0.15773696767103928540 0.14083891064930204040 0.02100131819474873943 0.04197094238863389309 
0.18371743139355453667 0.31625880602322103963 0.11037037284402978488 0.16905202146771863836 0.15478904365739734605 0.03328867382473998243 0.03252365078933865117 
0.39161376168059791603 0.24337269108306233689 0.08715819964639785755 0.06556696219573274198 0.13851571567994319656 0.04009882430487659438 0.03367384540938948845 
0.00000000099999999975 0.10331576425106572814 0.81743937698889623800 0.05356898904495541180 0.00000000099999999975 0.00000000099999999975 0.02567586671508262364 
0.00000000099999999970 0.16639388679195402099 0.79295458404842522615 0.00000000099999999970 0.00000000099999999970 0.00000000099999999970 0.04065152515962082436 
0.03403681767685744902 0.07263260222417687595 0.43867827271298220904 0.00000000099999999987 0.00000000099999999987 0.45465230438598358553 0.00000000099999999987 
0.00000000099999999966 0.18979708688986143827 0.76537628303023585996 0.00000000099999999966 0.00000000099999999966 0.00000000099999999966 0.04482662607990276632 
0.03974616404630695182 0.00000000099999999916 0.00000000099999999916 0.00000000099999999916 0.00000000099999999916 0.96025383095369309938 0.00000000099999999916 
0.00000000099999999940 0.00000000099999999940 0.99370881005812650155 0.00000000099999999940 0.00000000099999999940 0.00000000099999999940 0.00629118494187351496 
0.00000000099999999974 0.00000000099999999974 0.81723303426171223229 0.00000000099999999974 0.00000000099999999974 0.15470677346318909007 0.02806018827509859648 
0.31944066242696828040 0.00000000099999999972 0.00000000099999999972 0.00000000099999999972 0.00000000099999999972 0.68055933257303169448 0.00000000099999999972 
0.00000000099999999967 0.93508237183199216513 0.00000000099999999967 0.06491762316800797628 0.00000000099999999967 0.00000000099999999967 0.00000000099999999967 
0.00000000099999999976 0.47819636155953942902 0.52180363344046054586 0.00000000099999999976 0.00000000099999999976 0.00000000099999999976 0.00000000099999999976 
0.00000000099999999935 0.99999999400000016969 0.00000000099999999935 0.00000000099999999935 0.00000000099999999935 0.00000000099999999935 0.00000000099999999935 
0.96458541702159239506 0.00000000099999999972 0.00000000099999999972 0.00000000099999999972 0.00000000099999999972 0.03541457797840779492 0.00000000099999999972 
0.99999999400000005867 0.00000000099999999927 0.00000000099999999927 0.00000000099999999927 0.00000000099999999927 0.00000000099999999927 0.00000000099999999927 
0.90621408730534536158 0.03674756000158999059 0.00000381405012697340 0.00828585843123147599 0.03745100398645458822 0.00000000099999999999 0.01129767522525150503 
0.92144454030407962897 0.01071639543185720286 0.01384601025149228247 0.00000000100000000000 0.00751238649093655380 0.03242589179944309341 0.01405477472219120345 
0.84766611662592150633 0.03636469907085591174 0.00364518196773088495 0.00000000099999999998 0.00000000099999999998 0.10252078469946090955 0.00980321563603095587 
0.99999999400000005867 0.00000000099999999921 0.00000000099999999921 0.00000000099999999921 0.00000000099999999921 0.00000000099999999921 0.00000000099999999921 
0.99999999400000005867 0.00000000099999999967 0.00000000099999999967 0.00000000099999999967 0.00000000099999999967 0.00000000099999999967 0.00000000099999999967 
0.99999999400000005867 0.00000000099999999935 0.00000000099999999935 0.00000000099999999935 0.00000000099999999935 0.00000000099999999935 0.00000000099999999935 
0.49665843853129082452 0.01012497247148550980 0.32983685205332591295 0.00000000099999999999 0.00654540111212662500 0.02770168228517014969 0.12913265254660080683 
0.32184630942969522094 0.29405304528052661484 0.00000000099999999995 0.12961162878520215980 0.03135573713124890916 0.19666246379884821938 0.02647081457447893887 
0.73939978624195268342 0.10076486741446025186 0.02972920257824240159 0.00000000099999999999 0.05273524476324724375 0.07653696062095689812 0.00083393738114040947 
0.14968818986553947270 0.27098475036175018182 0.09661703620800736469 0.32626240489129537670 0.08949674275790218958 0.02586242155915563501 0.04108845435634979337 
0.55683688195518077357 0.22664831126408974127 0.00000000099999999999 0.10190144943775708564 0.06065580872400277990 0.03261706046726880331 0.02134048715170079255 
0.52148041852961291021 0.03452811610037156281 0.23138805179643395782 0.05196028854790925994 0.03641106013953290116 0.07457253412863407149 0.04965953075750541984 
0.99999999400000016969 0.00000000099999999986 0.00000000099999999986 0.00000000099999999986 0.00000000099999999986 0.00000000099999999986 0.00000000099999999986 
0.49976619678200590036 0.18994013748808977193 0.04292658458253512804 0.12762683450292391929 0.05533978869525583294 0.08153795749552145145 0.00286250045366803025 
0.39390745731436027643 0.03778089598864428633 0.14847626297405214224 0.08959668847517163193 0.00815516067687904397 0.08292282538112681622 0.23916070918976581328 
0.99108637493401052776 0.00891362006598960671 0.00000000099999999980 0.00000000099999999980 0.00000000099999999980 0.00000000099999999980 0.00000000099999999980 
0.00046291797172273621 0.00000000099999999992 0.38157121847902114586 0.00000000099999999992 0.00000000099999999992 0.52058635813467657449 0.09737950241457943301 
0.93262193885234712099 0.01056813132337318557 0.01576608514874536932 0.02224325809578642926 0.01015240337042301773 0.00000000099999999999 0.00864818220932493838 
0.03492172771662320485 0.21169228366003411956 0.07581850958578341404 0.52734334504402047283 0.00265919543820892709 0.00000000099999999998 0.14756493755532995582 
0.00000000099999999986 0.06423426766073979388 0.77399785318358982344 0.00000000099999999986 0.01425287385465104362 0.00000000099999999986 0.14751500230101927125 
0.99999999400000016969 0.00000000099999999936 0.00000000099999999936 0.00000000099999999936 0.00000000099999999936 0.00000000099999999936 0.00000000099999999936 
0.88205194833821776168 0.03469720359581190267 0.00684662544966676851 0.00000000099999999997 0.01348773624400449039 0.05556482850969264586 0.00735165686260629350 
0.00802466289036690705 0.23950092068211054075 0.01362269217556229435 0.66744764897767572265 0.00000000099999999992 0.00000000099999999992 0.07140407327428455186 
0.00000000099999999877 0.00000000099999999877 0.00000000099999999877 0.00000000099999999877 0.00000000099999999877 0.99999999399999983662 0.00000000099999999877 
0.00000000099999999834 0.00000000099999999834 0.00000000099999999834 0.00000000099999999834 0.00000000099999999834 0.99999999399999983662 0.00000000099999999834 
0.00000000099999999828 0.00000000099999999828 0.00000000099999999828 0.00000000099999999828 0.00000000099999999828 0.99999999399999983662 0.00000000099999999828 
0.09363019288085548675 0.00000000099999999910 0.00000000099999999910 0.00000000099999999910 0.00000000099999999910 0.90636980211914441874 0.00000000099999999910 
0.02603104682326071520 0.00000000099999999984 0.50394484185169641233 0.00000000099999999984 0.00000000099999999984 0.47002410732504285029 0.00000000099999999984 
0.25973191355724234430 0.04045807198253953407 0.45841870046804938932 0.00167398882692238924 0.00429935611777205063 0.20221872596925222210 0.03319924307822200854 
0.00000000099999999832 0.00000000099999999832 0.00000000099999999832 0.00000000099999999832 0.00000000099999999832 0.00000000099999999832 0.99999999400000005867 
0.00000000099999999830 0.00000000099999999830 0.00000000099999999830 0.00000000099999999830 0.00000000099999999830 0.00000000099999999830 0.99999999399999994765 
0.00000000099999999832 0.00000000099999999832 0.00000000099999999832 0.00000000099999999832 0.00000000099999999832 0.00000000099999999832 0.99999999399999994765 
0.10857221759512881987 0.13067998635456232193 0.18494023219329849828 0.53434637492930225910 0.03600613335418305361 0.00545505457352506769 0.00000000099999999995 
0.55551173074802329133 0.16570825566011015972 0.08381234991611885565 0.04380524413705892683 0.08655854340523082280 0.03842603734384410913 0.02617783878961394556 
0.36024537418251867393 0.25118299155945400525 0.08294156898978467807 0.10504327050050214776 0.12194029082513994922 0.04484007377718116777 0.03380643016541955842 
0.32200985951814015129 0.20806830755084032569 0.12954124085335994021 0.11445389124487582999 0.14797387129972716657 0.07333484695666937780 0.00461798257638708787 
0.20708473341177249805 0.31084574023882899363 0.02594897659167443027 0.18626846328594087732 0.16115450006952675155 0.06258583291124242276 0.04611175349101406806 
0.04028278445731771351 0.12471454169150808511 0.20753865468689525198 0.54168286601568860217 0.04473873611912825704 0.00914234018227289350 0.03190007684718919323 
0.00000000099999999874 0.00000000099999999874 0.00000000099999999874 0.00000000099999999874 0.99999999399999994765 0.00000000099999999874 0.00000000099999999874 
0.00000000099999999831 0.00000000099999999831 0.00000000099999999831 0.00000000099999999831 0.99999999399999983662 0.00000000099999999831 0.00000000099999999831 
0.00000000099999999985 0.03760043174964753515 0.00000000099999999985 0.00000000099999999985 0.96239956325035236340 0.00000000099999999985 0.00000000099999999985 
0.00000000099999999870 0.00000000099999999870 0.00000000099999999870 0.00000000099999999870 0.99999999399999994765 0.00000000099999999870 0.00000000099999999870 
0.00000000099999999828 0.00000000099999999828 0.00000000099999999828 0.00000000099999999828 0.99999999399999983662 0.00000000099999999828 0.00000000099999999828 
0.00000000099999999824 0.00000000099999999824 0.00000000099999999824 0.00000000099999999824 0.99999999399999994765 0.00000000099999999824 0.00000000099999999824 
0.00000000099999999818 0.00000000099999999818 0.00000000099999999818 0.00000000099999999818 0.99999999399999983662 0.00000000099999999818 0.00000000099999999818 
0.03768250312302391658 0.25045671545706504890 0.14994173030693971893 0.54060577386107133702 0.02131326203556468610 0.00000001421633531452 0.00000000099999999999 
0.00000000099999999825 0.00000000099999999825 0.00000000099999999825 0.00000000099999999825 0.99999999399999994765 0.00000000099999999825 0.00000000099999999825 
0.00000000099999999833 0.00000000099999999833 0.00000000099999999833 0.00000000099999999833 0.99999999399999983662 0.00000000099999999833 0.00000000099999999833 
0.00000000099999999830 0.00000000099999999830 0.00000000099999999830 0.00000000099999999830 0.99999999399999994765 0.00000000099999999830 0.00000000099999999830 
0.00000000099999999837 0.00000000099999999837 0.00000000099999999837 0.00000000099999999837 0.99999999399999994765 0.00000000099999999837 0.00000000099999999837 
0.00000000099999999817 0.00000000099999999817 0.00000000099999999817 0.00000000099999999817 0.99999999399999994765 0.00000000099999999817 0.00000000099999999817 
0.00000000099999999820 0.00000000099999999820 0.00000000099999999820 0.00000000099999999820 0.99999999399999983662 0.00000000099999999820 0.00000000099999999820 
0.05259746974203877157 0.27656256404458223752 0.19557221511266623115 0.38448823034535911658 0.00599408822613862937 0.00000000099999999997 0.08478543152921513837 
0.00000000099999999997 0.13347957011356675894 0.04308017589912724321 0.78115635355600865353 0.00000000099999999997 0.00000000099999999997 0.04228389743129741529 
0.00000000099999999981 0.19561470368480057824 0.00000000099999999981 0.77370668421425647931 0.00000000099999999981 0.00000000099999999981 0.03067860810094298965 
0.37385835881342116549 0.17653787460981626434 0.00000000099999999996 0.35416812556015631053 0.00299539456987640016 0.02977467525944223550 0.06266557018728755035 
0.00000000099999999984 0.25786829710024811169 0.04524008932344850825 0.67705488298024651961 0.00000000099999999984 0.00000000099999999984 0.01983672759605692448 
0.00000000099999999985 0.24008721013528797061 0.00000001418200302057 0.71397192280756782701 0.00000000099999999985 0.00000000099999999985 0.04594084987514121532 
0.00000000099999999984 0.23885056614680377773 0.00000000294257881284 0.71545233374220940092 0.00000000099999999984 0.00000000099999999984 0.04569709416840800342 
0.00000000863513135985 0.34249987060918762882 0.00000000099999999988 0.60564058762458161667 0.00000000099999999988 0.00000000099999999988 0.05185953013109936144 
0.00000000099999999972 0.29771406219706791907 0.00000000099999999972 0.70228593280293216683 0.00000000099999999972 0.00000000099999999972 0.00000000099999999972 
0.16522614597514562185 0.21130101977205051345 0.03164411601908605209 0.28237183171037011364 0.00000000099999999997 0.27419055596101671313 0.03526632956233117372 
0.00000000099999999970 0.33846854016269911636 0.00000000099999999970 0.60289362207211183442 0.00000000099999999970 0.00000000099999999970 0.05863783376518900275 
0.16567990341432881074 0.21233634136241327783 0.03284961572091114890 0.28168576604488548831 0.00000000099999999997 0.27451019344590815718 0.03293817901155326328 
0.00000000099999999989 0.04588772957084281956 0.09806237049760428703 0.83425080605343193696 0.00153205802056442862 0.00000000099999999989 0.02026703385755649831 
0.03671685224301281941 0.12044897106432442269 0.17932434031700802968 0.56373883316069739458 0.03033917632280811599 0.00000000099999999999 0.06943182589214930145 
0.00993703148250617459 0.03668147235950103974 0.41990468992354940125 0.04997079143915233307 0.01445302583305374533 0.01308053822404504386 0.45597245073819209216 
0.00000000099999999981 0.00000000099999999981 0.84000767960260858125 0.00000000099999999981 0.00000000099999999981 0.00000000099999999981 0.15999231539739147689 
0.00000000099999999977 0.01227877276491714555 0.76769222201379849757 0.18643782044897874717 0.00000000099999999977 0.00000000099999999977 0.03359118177230562691 
0.02146109657572255539 0.11551391072138837701 0.01516654828977144313 0.77024568976697349587 0.01709592077036927935 0.00000000556986076163 0.06051682830591388618 
0.01702428093322666189 0.10695133469058050457 0.05270784242643411499 0.79981932556569257375 0.01408305425419783749 0.00000000099999999999 0.00941416112986836508 
0.01130661453829974808 0.24521831723845574635 0.04295606365172619651 0.68175903253207614796 0.01777274519487528209 0.00098722584456675550 0.00000000099999999998 
0.01036901930480529054 0.10957791281823818508 0.11456829903128870618 0.76548476584566793601 0.00000000099999999989 0.00000000099999999989 0.00000000099999999989 
0.00000000099999999976 0.07768175185972070462 0.26958804386762746930 0.58300532624618917055 0.00000000099999999976 0.00000000099999999976 0.06972487502646271262 
0.00116674824019920363 0.15706456226811285615 0.12070584039617850147 0.70334538437582228010 0.00973848252036906351 0.00797895981205557978 0.00000002238726257400 
0.00000000099999999983 0.00000000099999999983 0.49484830164721160806 0.49295393458913688844 0.00000000099999999983 0.00000000099999999983 0.01219775976365165653 
0.00000000099999999974 0.00000000099999999974 0.68757763506553182253 0.24640182031109125749 0.00000000099999999974 0.00000000099999999974 0.06602054062337704698 
0.00000000099999999946 0.00000000099999999946 0.77563729209171983214 0.22436270290828011498 0.00000000099999999946 0.00000000099999999946 0.00000000099999999946 
0.00000000099999999901 0.00000000099999999901 0.99999999399999994765 0.00000000099999999901 0.00000000099999999901 0.00000000099999999901 0.00000000099999999901 
0.00000000099999999984 0.13154284231742263689 0.43642877294876430971 0.43202838073381305550 0.00000000099999999984 0.00000000099999999984 0.00000000099999999984 
0.00000000099999999972 0.00000000099999999972 0.86868541463146842219 0.12548781365813915789 0.00000000099999999972 0.00000000099999999972 0.00582676771039257035 
0.00000000099999999969 0.00000000099999999969 0.34181688876225224671 0.65818310623774778367 0.00000000099999999969 0.00000000099999999969 0.00000000099999999969 
0.00000000099999999981 0.04488424539443983813 0.18606325455255715018 0.76025657890031816954 0.00000000099999999981 0.00000000099999999981 0.00879591815268484893 
0.00000000099999999990 0.43929836731844934539 0.17873239340288440968 0.35480781144145556727 0.00000000099999999990 0.00000000099999999990 0.02716142483721073128 
0.00000000099999999889 0.00000000099999999889 0.99999999399999994765 0.00000000099999999889 0.00000000099999999889 0.00000000099999999889 0.00000000099999999889 
0.02152836538432475327 0.26323875626534182226 0.11239395041182938251 0.56717834024781865754 0.01504067113923638656 0.00000000099999999998 0.02061991555144902441 
0.00000000099999999994 0.46766441157833033015 0.00000000099999999994 0.52650960881952457715 0.00000000099999999994 0.00582597560214504883 0.00000000099999999994 
0.03968889781981146947 0.16391818616009648513 0.08232513047922714045 0.67722861261707423264 0.03683917092379071501 0.00000000099999999995 0.00000000099999999995 
0.03943283373896794286 0.22215493563083485440 0.18384854065023659153 0.47067319693748232989 0.03577874975918711453 0.02119615621006855702 0.02691558707322267222 
0.29369000627860730734 0.15094838083773795545 0.09131240481386870833 0.29140286568048068272 0.09457270243683314759 0.04305334385443308765 0.03502029609803924970 
0.00000000099999999986 0.00000000099999999986 0.14465091284458650445 0.83926732427545736037 0.00000000099999999986 0.00000000099999999986 0.01608175887995612688 
0.00160730634618776397 0.05607498685546041112 0.17347408217439422295 0.75576437164091680998 0.01307925098304083857 0.00000000099999999994 0.00000000099999999994 
0.03427580820403410694 0.19214444731256777321 0.26081597235638948051 0.40454341716060898682 0.03822356617877806229 0.00795961224948988841 0.06203717653813164978 
0.00000000099999999898 0.00000000099999999898 0.00000000099999999898 0.00000000099999999898 0.00000000099999999898 0.99999999399999983662 0.00000000099999999898 
0.00000000099999999836 0.00000000099999999836 0.00000000099999999836 0.00000000099999999836 0.00000000099999999836 0.99999999399999994765 0.00000000099999999836 
0.00000000099999999830 0.00000000099999999830 0.00000000099999999830 0.00000000099999999830 0.00000000099999999830 0.99999999399999983662 0.00000000099999999830 
0.00000000099999999955 0.00000000099999999955 0.42772981687214123303 0.00000000099999999955 0.00000000099999999955 0.00000000099999999955 0.57227017812785874185 
0.00000000099999999982 0.28396203513437401345 0.40045609760065831173 0.14450340917923343298 0.00000000099999999982 0.00000000099999999982 0.17107845508573418791 
0.00000000099999999988 0.57284160818092055845 0.00000000099999999988 0.39279576353186829163 0.00000000099999999988 0.00000000099999999988 0.03436262428721121448 
0.00000000099999999980 0.35852612917346809995 0.00000228268969813543 0.48161205148018304545 0.00000000099999999980 0.00000000099999999980 0.15985953365665078740 
0.00000000099999999979 0.35364183741909316350 0.00000000099999999979 0.48423968626400787363 0.00000000099999999979 0.00000000099999999979 0.16211847231689904825 
0.00000000099999999980 0.35598167408952335888 0.00001146558401763640 0.48554495210540138395 0.00000000099999999980 0.00000000099999999980 0.15846190522105763065 
0.00000000099999999982 0.23505048164468134164 0.00000000099999999982 0.76494951335531868875 0.00000000099999999982 0.00000000099999999982 0.00000000099999999982 
0.00000000099999999973 0.18884067439950660838 0.00000000099999999973 0.81115932060049333874 0.00000000099999999973 0.00000000099999999973 0.00000000099999999973 
0.00000000099999999983 0.03978055726746415610 0.00000000099999999983 0.96021943773253592980 0.00000000099999999983 0.00000000099999999983 0.00000000099999999983 
0.46037665302327651640 0.17486958291554613454 0.06524039646476834098 0.06893076498720229761 0.12425874456549196312 0.07672079543260300338 0.02960306261111180642 
0.03894479916108185141 0.07308013447235184312 0.07278784232964800871 0.75801719661875155420 0.01936773522250822763 0.01366669143396003275 0.02413560076169850299 
0.30817377615071700481 0.04005880230574934003 0.03279112750341460492 0.53020785533302894343 0.04641498394366006669 0.04235345376342983942 0.00000000100000000000 
0.22842305163096737752 0.06574485807160081186 0.09113909502549198682 0.47049181335923756508 0.07672026210105634125 0.04217876812888171623 0.02530215168276429838 
0.00000000099999999993 0.29552092419162451220 0.05822411122036813547 0.64625496058800724342 0.00000000099999999993 0.00000000099999999993 0.00000000099999999993 
0.00000000103852177257 0.31558902007021000236 0.11206400973682996425 0.56287295850255769647 0.00947400865188048266 0.00000000099999999995 0.00000000099999999995 
0.00000000099999999978 0.00000000099999999978 0.00000000099999999978 0.99999999400000005867 0.00000000099999999978 0.00000000099999999978 0.00000000099999999978 
0.00000000099999999965 0.00000000099999999965 0.00000000099999999965 0.99999999400000005867 0.00000000099999999965 0.00000000099999999965 0.00000000099999999965 
0.00000000099999999961 0.00000000099999999961 0.00000000099999999961 0.99999999399999994765 0.00000000099999999961 0.00000000099999999961 0.00000000099999999961 
0.00000000099999999963 0.00000000099999999963 0.05075291921712064142 0.88632058086313791900 0.00000000099999999963 0.00000000099999999963 0.06292649591974158740 
0.00000000099999999954 0.00000000099999999954 0.00000000099999999954 0.97792789547069458589 0.00000000099999999954 0.00000000099999999954 0.02207209952930556940 
0.00000000099999999977 0.00000000099999999977 0.05881753450225384039 0.94118246049774623163 0.00000000099999999977 0.00000000099999999977 0.00000000099999999977 
0.00000000099999999946 0.00000000099999999946 0.16063844243071090379 0.80172377663937555159 0.00000000099999999946 0.00000000099999999946 0.03763777692991372714 
0.00691639616577610725 0.00000000099999999998 0.20101242102553340541 0.59212637466194184555 0.00714318342966523828 0.00131557706956570309 0.19148604664751767146 
0.00000000099999999999 0.04230729907629347808 0.03721256280519162629 0.84236645462998194223 0.00000000099999999999 0.00811798917842662324 0.06999569231010632775 
0.00000000099999999955 0.00000000099999999955 0.00003327004588619406 0.99772716481373391328 0.00000000099999999955 0.00000000099999999955 0.00223956114037998080 
0.00000000099999999961 0.00000000099999999961 0.08027603741901044587 0.91972395758098957064 0.00000000099999999961 0.00000000099999999961 0.00000000099999999961 
0.00000000099999999982 0.01507603145095545022 0.08019958648670515167 0.86708203453062426824 0.00000000099999999982 0.00000000099999999982 0.03764234453171518696 
0.00000000099999999984 0.02650307655992510322 0.10227694840880989513 0.81428886650126219848 0.00000000099999999984 0.00000000099999999984 0.05693110553000294005 
0.00000000099999999975 0.99999999400000016969 0.00000000099999999975 0.00000000099999999975 0.00000000099999999975 0.00000000099999999975 0.00000000099999999975 
0.00612731421665484860 0.04681255418562913634 0.14209153472290478315 0.80459902129371141388 0.00000000099999999990 0.00036957358109994398 0.00000000099999999990 
0.00000000099999999972 0.88678139982603887415 0.00000000099999999972 0.03560776240130660020 0.00000000099999999972 0.00000000099999999972 0.07761083377265456940 
0.32944449026141187087 0.05925156408934419139 0.00507879235060650948 0.09680803368467329195 0.02936102650864943001 0.46965953497693557761 0.01039655812837927962 
0.04724495504655819300 0.05540255668358932961 0.12451125502609247664 0.73428236608721408896 0.00131430273780689701 0.01903221159039820629 0.01821235282834078248 
0.00000000099999999992 0.92036165837953753943 0.04629190739713005126 0.00000000099999999992 0.00000000099999999992 0.00787351867730609611 0.02547291254602628355 
0.00000000099999999964 0.00000000099999999964 0.00000000099999999964 0.99999999400000005867 0.00000000099999999964 0.00000000099999999964 0.00000000099999999964 
0.00000000099999999948 0.00000000099999999948 0.72193757845728079303 0.27806241654271918184 0.00000000099999999948 0.00000000099999999948 0.00000000099999999948 
0.00000000099999999966 0.00000000099999999966 0.05305052027237776996 0.92935029428128168583 0.00000000099999999966 0.00000000099999999966 0.01759918144634065734 
0.00000000099999999940 0.00000000099999999940 0.00000000099999999940 0.99999999400000005867 0.00000000099999999940 0.00000000099999999940 0.00000000099999999940 
0.00000000099999999970 0.00000000099999999970 0.00000000099999999970 0.99999999400000005867 0.00000000099999999970 0.00000000099999999970 0.00000000099999999970 
0.00000000099999999980 0.00000000099999999980 0.00000000099999999980 0.97934888141644649284 0.00000000099999999980 0.00000000099999999980 0.02065111358355341264 
0.00000000100000000000 0.08502192577054488998 0.03104018374473035621 0.77684383500856279969 0.00880065281117432471 0.02216520417403909649 0.07612819749094860977 
0.00000000099999999965 0.00000000099999999965 0.22068114851075409932 0.72191746350627050699 0.00000000099999999965 0.00000000099999999965 0.05740138398297549294 
0.00000000099999999937 0.00000000099999999937 0.00000000099999999937 0.99999999399999994765 0.00000000099999999937 0.00000000099999999937 0.00000000099999999937 
0.00000000099999999943 0.00000000099999999943 0.00000000099999999943 0.99999999399999994765 0.00000000099999999943 0.00000000099999999943 0.00000000099999999943 
0.00105642386798089193 0.03568187237243610616 0.23494028404467010018 0.68420039559065781720 0.00057031089414377376 0.00000000099999999997 0.04355071223011139359 
0.02423728655248573796 0.09987127358283275080 0.26195124740091690896 0.47975605016470301845 0.03728742314703237942 0.01588556825227110947 0.08101115089975810535 
0.02418301354096106040 0.06062285233397462364 0.16107424874949527460 0.68468731856346420894 0.02639635798572251973 0.00664162812313615764 0.03639458070324618627 
0.00000000099999999999 0.22647348352384216730 0.09493473524731489699 0.67611061122809390511 0.00000000099999999999 0.00229822020901637421 0.00018294779173272388 
0.00000000099999999984 0.15333294952167603187 0.00000000099999999984 0.82186034928455586890 0.00000000099999999984 0.00000000099999999984 0.02480669719376814644 
0.00000000099999999982 0.19319706180645823679 0.00000000099999999982 0.79185654149442130656 0.00000000099999999982 0.00000000099999999982 0.01494639269912049692 
0.00000000099999999994 0.09490971362839367709 0.73772643988058073106 0.05219864453259687176 0.00000000099999999994 0.00000000099999999994 0.11516519895842880494 
0.00000000099999999960 0.92616459412206331159 0.00000000099999999960 0.02908139666517810945 0.00000000099999999960 0.00000000099999999960 0.04475400521275869209 
0.00000000099999999989 0.01393222772441713581 0.00000000099999999989 0.85994996860140560102 0.00000000099999999989 0.00000000099999999989 0.12611779967417738324 
0.00000000099999999908 0.99999999400000016969 0.00000000099999999908 0.00000000099999999908 0.00000000099999999908 0.00000000099999999908 0.00000000099999999908 
0.00000000099999999918 0.99999999400000016969 0.00000000099999999918 0.00000000099999999918 0.00000000099999999918 0.00000000099999999918 0.00000000099999999918 
0.37569406735984750556 0.23833492492423172249 0.00000000099999999997 0.31711300226715949391 0.06010532257943433654 0.00875268086932674653 0.00000000099999999997 
0.32601807627379042476 0.05397927958976623392 0.00000000099999999987 0.00000000099999999987 0.00000000099999999987 0.62000264013644312833 0.00000000099999999987 
0.11982203078759838533 0.58761960840213012247 0.00276108438439890986 0.00000000099999999988 0.00000000099999999988 0.28979727342587258132 0.00000000099999999988 
0.00000000099999999965 0.00000000099999999965 0.00000000099999999965 0.99999999400000005867 0.00000000099999999965 0.00000000099999999965 0.00000000099999999965 
0.00000000099999999956 0.00000000099999999956 0.06734825018720849710 0.93265174481279167207 0.00000000099999999956 0.00000000099999999956 0.00000000099999999956 
0.00000000099999999985 0.95862882269182558836 0.00000000099999999985 0.04137117230817459468 0.00000000099999999985 0.00000000099999999985 0.00000000099999999985 
0.00000000099999999957 0.84142653385941046373 0.00000000099999999957 0.15857346114058967768 0.00000000099999999957 0.00000000099999999957 0.00000000099999999957 
0.00000000099999999946 0.00000000099999999946 0.58991602057166603323 0.41008397442833383062 0.00000000099999999946 0.00000000099999999946 0.00000000099999999946 
0.00000000099999999940 0.00000000099999999940 0.00000000099999999940 0.99999999399999994765 0.00000000099999999940 0.00000000099999999940 0.00000000099999999940 
0.00000000099999999975 0.04425578517527892219 0.08076662398098052864 0.87497758684374049576 0.00000000099999999975 0.00000000099999999975 0.00000000099999999975 
0.01573894783971262548 0.04231163041443271322 0.13208222867837562942 0.80986719006747909244 0.00000000099999999984 0.00000000099999999984 0.00000000099999999984 
0.00000000099999999954 0.00000000099999999954 0.25960324320628536121 0.74039675179371466918 0.00000000099999999954 0.00000000099999999954 0.00000000099999999954 
0.00000000099999999941 0.00000000099999999941 0.00000000099999999941 0.99999999399999994765 0.00000000099999999941 0.00000000099999999941 0.00000000099999999941 
0.00000000099999999959 0.00000000099999999959 0.27372604177754383814 0.72627395322245613674 0.00000000099999999959 0.00000000099999999959 0.00000000099999999959 
0.00000000099999999942 0.00000000099999999942 0.00000000099999999942 0.99999999399999994765 0.00000000099999999942 0.00000000099999999942 0.00000000099999999942 
0.00000000099999999937 0.00000000099999999937 0.99999999399999994765 0.00000000099999999937 0.00000000099999999937 0.00000000099999999937 0.00000000099999999937 
0.00000000099999999983 0.15433554565124477098 0.00000000099999999983 0.84346466953406618039 0.00219978081468910668 0.00000000099999999983 0.00000000099999999983 
0.00000000099999999972 0.04043119247743196670 0.07100566004219259486 0.83234337124313251266 0.00000000099999999972 0.00000000099999999972 0.05621977323724290654 
0.00000000099999999976 0.05519688702489501664 0.04797244694151739375 0.89683066203358752233 0.00000000099999999976 0.00000000099999999976 0.00000000099999999976 
0.00000000099999999887 0.00000000099999999887 0.99999999399999983662 0.00000000099999999887 0.00000000099999999887 0.00000000099999999887 0.00000000099999999887 
0.00000000099999999988 0.43877611540338723461 0.17530884541780547559 0.36697818234103951607 0.00000000099999999988 0.00000000099999999988 0.01893685383776781000 
0.00000000099999999953 0.00000000099999999953 0.28355992275871594321 0.71644007224128414268 0.00000000099999999953 0.00000000099999999953 0.00000000099999999953 
0.00000000099999999923 0.00000000099999999923 0.99999999400000005867 0.00000000099999999923 0.00000000099999999923 0.00000000099999999923 0.00000000099999999923 
0.00000000099999999887 0.00000000099999999887 0.99999999399999983662 0.00000000099999999887 0.00000000099999999887 0.00000000099999999887 0.00000000099999999887 
0.00000000099999999972 0.04498538702206065359 0.07129982702711075426 0.82998356931190375718 0.00000000099999999972 0.00000000099999999972 0.05373121363892473940 
0.00000000099999999977 0.04414083462522216950 0.08111502361579474296 0.87474413775898318679 0.00000000099999999977 0.00000000099999999977 0.00000000099999999977 
0.99999999400000016969 0.00000000099999999924 0.00000000099999999924 0.00000000099999999924 0.00000000099999999924 0.00000000099999999924 0.00000000099999999924 
0.50185034422172125623 0.00000000099999999996 0.31219631763783584066 0.05623566843746437977 0.00000000099999999996 0.00001780879230885366 0.12969985891066967976 
0.99999999400000016969 0.00000000099999999918 0.00000000099999999918 0.00000000099999999918 0.00000000099999999918 0.00000000099999999918 0.00000000099999999918 
0.99999999400000016969 0.00000000099999999927 0.00000000099999999927 0.00000000099999999927 0.00000000099999999927 0.00000000099999999927 0.00000000099999999927 
