0.00000000099999999789 0.99999999299999986491 0.00000000099999999789 0.00000000099999999789 0.00000000099999999789 0.00000000099999999789 0.00000000099999999789 0.00000000099999999789 
0.00000000099999999790 0.99999999299999997593 0.00000000099999999790 0.00000000099999999790 0.00000000099999999790 0.00000000099999999790 0.00000000099999999790 0.00000000099999999790 
0.00000000099999999789 0.99999999299999986491 0.00000000099999999789 0.00000000099999999789 0.00000000099999999789 0.00000000099999999789 0.00000000099999999789 0.00000000099999999789 
0.00000000099999999999 0.00000000099999999999 0.00000000099999999999 0.49901627080285243521 0.00000000099999999999 0.21156170551034297889 0.00000239857397693922 0.28941962111282748538 
0.00000000099999999998 0.00000000099999999998 0.00000000099999999998 0.54751265222613887396 0.00000000099999999998 0.16067342783103213955 0.00000200641299274675 0.29181190952983626641 
0.00000000099999999862 0.99999999300000008695 0.00000000099999999862 0.00000000099999999862 0.00000000099999999862 0.00000000099999999862 0.00000000099999999862 0.00000000099999999862 
0.00000000099999999853 0.99999999299999997593 0.00000000099999999853 0.00000000099999999853 0.00000000099999999853 0.00000000099999999853 0.00000000099999999853 0.00000000099999999853 
0.00000000099999999863 0.99999999300000008695 0.00000000099999999863 0.00000000099999999863 0.00000000099999999863 0.00000000099999999863 0.00000000099999999863 0.00000000099999999863 
0.00000000099999999809 0.99999999299999997593 0.00000000099999999809 0.00000000099999999809 0.00000000099999999809 0.00000000099999999809 0.00000000099999999809 0.00000000099999999809 
0.00000000099999999815 0.99999999300000008695 0.00000000099999999815 0.00000000099999999815 0.00000000099999999815 0.00000000099999999815 0.00000000099999999815 0.00000000099999999815 
0.00000000099999999808 0.99999999299999997593 0.00000000099999999808 0.00000000099999999808 0.00000000099999999808 0.00000000099999999808 0.00000000099999999808 0.00000000099999999808 
0.00000000099999999799 0.00000000099999999799 0.00000000099999999799 0.99999999299999986491 0.00000000099999999799 0.00000000099999999799 0.00000000099999999799 0.00000000099999999799 
0.00000000099999999825 0.00000000099999999825 0.00000000099999999825 0.99999999299999986491 0.00000000099999999825 0.00000000099999999825 0.00000000099999999825 0.00000000099999999825 
0.00000000099999999802 0.00000000099999999802 0.00000000099999999802 0.99999999299999997593 0.00000000099999999802 0.00000000099999999802 0.00000000099999999802 0.00000000099999999802 
0.00000000099999999810 0.00000000099999999810 0.00000000099999999810 0.99999999299999986491 0.00000000099999999810 0.00000000099999999810 0.00000000099999999810 0.00000000099999999810 
0.00000000099999999970 0.06929132900274664886 0.06570364944182288669 0.86500501655543060586 0.00000000099999999970 0.00000000099999999970 0.00000000099999999970 0.00000000099999999970 
0.00000000099999999816 0.00000000099999999816 0.00000000099999999816 0.99999999299999997593 0.00000000099999999816 0.00000000099999999816 0.00000000099999999816 0.00000000099999999816 
0.00000000099999999808 0.00000000099999999808 0.00000000099999999808 0.99999999299999986491 0.00000000099999999808 0.00000000099999999808 0.00000000099999999808 0.00000000099999999808 
0.00000000099999999799 0.00000000099999999799 0.00000000099999999799 0.99999999299999975388 0.00000000099999999799 0.00000000099999999799 0.00000000099999999799 0.00000000099999999799 
0.00000000099999999802 0.00000000099999999802 0.00000000099999999802 0.99999999299999986491 0.00000000099999999802 0.00000000099999999802 0.00000000099999999802 0.00000000099999999802 
0.00000000099999999800 0.00000000099999999800 0.00000000099999999800 0.99999999299999986491 0.00000000099999999800 0.00000000099999999800 0.00000000099999999800 0.00000000099999999800 
0.00000000099999999800 0.00000000099999999800 0.00000000099999999800 0.99999999299999986491 0.00000000099999999800 0.00000000099999999800 0.00000000099999999800 0.00000000099999999800 
0.00000000099999999807 0.00000000099999999807 0.00000000099999999807 0.99999999299999997593 0.00000000099999999807 0.00000000099999999807 0.00000000099999999807 0.00000000099999999807 
0.00000000099999999808 0.00000000099999999808 0.00000000099999999808 0.99999999299999997593 0.00000000099999999808 0.00000000099999999808 0.00000000099999999808 0.00000000099999999808 
0.00000000099999999815 0.00000000099999999815 0.00000000099999999815 0.99999999299999997593 0.00000000099999999815 0.00000000099999999815 0.00000000099999999815 0.00000000099999999815 
0.00000000099999999799 0.00000000099999999799 0.00000000099999999799 0.99999999299999986491 0.00000000099999999799 0.00000000099999999799 0.00000000099999999799 0.00000000099999999799 
0.00000000099999999799 0.00000000099999999799 0.00000000099999999799 0.99999999299999986491 0.00000000099999999799 0.00000000099999999799 0.00000000099999999799 0.00000000099999999799 
0.00000000099999999967 0.65930181713107427477 0.00000000099999999967 0.00000000099999999967 0.34069817686892572839 0.00000000099999999967 0.00000000099999999967 0.00000000099999999967 
0.02353231546019374579 0.00000000099999999999 0.49696252614487379518 0.14970975533150107650 0.01869050500807187959 0.14083637553466954451 0.17026852052069005317 0.00000000099999999999 
0.00000000099999999960 0.02564112390221423565 0.00000000099999999960 0.00000000099999999960 0.97435887009778565648 0.00000000099999999960 0.00000000099999999960 0.00000000099999999960 
0.02408181674558497812 0.02664014830588544783 0.26101579609561764705 0.05206716093527891803 0.43363353453083675060 0.10468872798100843646 0.09780532454809666432 0.00006749085769117614 
0.00000000099999999884 0.00000000099999999884 0.00000000099999999884 0.00000000099999999884 0.99999999299999986491 0.00000000099999999884 0.00000000099999999884 0.00000000099999999884 
0.00000000099999999907 0.00000000099999999907 0.00000000099999999907 0.00000000099999999907 0.99999999300000008695 0.00000000099999999907 0.00000000099999999907 0.00000000099999999907 
0.00000000099999999976 0.00000000099999999976 0.90042515664668898445 0.06317514358503548144 0.03639969476827550204 0.00000000099999999976 0.00000000099999999976 0.00000000099999999976 
0.00000000099999999898 0.00000000099999999898 0.00000000099999999898 0.00000000099999999898 0.99999999299999986491 0.00000000099999999898 0.00000000099999999898 0.00000000099999999898 
0.00000000099999999901 0.00000000099999999901 0.00000000099999999901 0.00000000099999999901 0.99999999299999997593 0.00000000099999999901 0.00000000099999999901 0.00000000099999999901 
0.05376836728015133710 0.10549255675055649317 0.00000000099999999998 0.02140490887241568857 0.31472308234869311727 0.33673239008003225115 0.10902985929485117800 0.05884883437329992140 
0.01799000970396082491 0.03345483706955609121 0.21865355885879672604 0.08620143004977050272 0.03914481890018420979 0.00000000099999999997 0.59574619951185014965 0.00880914490588148233 
0.07043934728334808049 0.02453642630767962837 0.06618887778841008040 0.07431693776353506808 0.22967420478916003579 0.17627262677756433407 0.21822894955144611639 0.14034262973885666681 
0.03426681692139744301 0.01968165428777197620 0.10954163243531707395 0.05251138175769537453 0.27122884782676937032 0.11404007532295477867 0.31552244609836915812 0.08320714534972488419 
0.07699936862622239198 0.01257044690258033760 0.15069150965131095088 0.01848804808998724333 0.11579398014401637296 0.24066829602386702325 0.38478807528970532248 0.00000027527231042462 
0.04194366650304350019 0.06431238975597536323 0.03447839426211055103 0.00761924664848096390 0.38264976488103014107 0.13536372928170664620 0.31081968793753766978 0.02281312073011505098 
0.02525980277037847763 0.01290017520794957580 0.06746007975982655502 0.02426731194800774150 0.02427586838367502831 0.28557936834708191887 0.42895121769764682496 0.13130617588543400109 
0.05191461809972885977 0.03303118236000510133 0.01810287164839269325 0.01594848348897151546 0.50222158585935017250 0.16583637097325254484 0.16671135120797733742 0.04623353636232178238 
0.04003701481832488973 0.02230640429466495406 0.15001762745185362458 0.00000000099999999995 0.09438176346896033631 0.26454542169811345875 0.42871176626808271681 0.00000000099999999995 
0.00000000099999999963 0.00000000099999999963 0.31553979821079386481 0.07497195663802173893 0.00000000099999999963 0.00000000099999999963 0.25056474502556469464 0.35892349612561968986 
0.00000000099999999920 0.90676048826290955862 0.00000000099999999920 0.00000000099999999920 0.09323950573709045841 0.00000000099999999920 0.00000000099999999920 0.00000000099999999920 
0.14543710956786884414 0.01081214118929465888 0.03124743423568874384 0.04119530567931971310 0.12118980491701408786 0.48600714429930003124 0.16411105911151382952 0.00000000099999999999 
0.13858066645615133017 0.02778445875712909005 0.02802438391161057862 0.04157410775093974692 0.12685053615132835247 0.45903842225030078161 0.17814742372254016578 0.00000000099999999998 
0.13993354379537006893 0.02030903176601480883 0.02478085108882288959 0.03921774841110887977 0.12368300605059481811 0.46817202396797186204 0.18390379392011652060 0.00000000099999999998 
0.15434572705544422067 0.03218229762723644888 0.11075027876421265904 0.03054686872373962164 0.18261675968383186963 0.31799259799890261524 0.16614710353915085328 0.00541836660748160927 
0.13823172903878386264 0.04045573712262950927 0.08151578464830915027 0.03261355793488672494 0.39004451408611257035 0.23649785109643434167 0.08064082507284378587 0.00000000099999999998 
0.00000000099999999973 0.00000000099999999973 0.82420738099345558503 0.01974254354539931380 0.00000000099999999973 0.09408020319956693356 0.06196986826157804135 0.00000000099999999973 
0.00000000099999999964 0.00000000099999999964 0.80939547850153392705 0.03453840177542939066 0.00000000099999999964 0.15606611472303652532 0.00000000099999999964 0.00000000099999999964 
0.00000000099999999982 0.45533236055862086333 0.44584981121624894795 0.00000000099999999982 0.03279405378687595685 0.06602377043825428948 0.00000000099999999982 0.00000000099999999982 
0.00000000099999999962 0.00000000099999999962 0.77733195948730815505 0.03682890954583602217 0.00000000099999999962 0.18583912596685578378 0.00000000099999999962 0.00000000099999999962 
0.00000000099999999898 0.96011785573359809121 0.00000000099999999898 0.00000000099999999898 0.03988213826640189114 0.00000000099999999898 0.00000000099999999898 0.00000000099999999898 
0.00000000099999999928 0.00000000099999999928 0.99999999299999997593 0.00000000099999999928 0.00000000099999999928 0.00000000099999999928 0.00000000099999999928 0.00000000099999999928 
0.00000000099999999967 0.15395919532703172816 0.82731110428527576683 0.01872969538769255621 0.00000000099999999967 0.00000000099999999967 0.00000000099999999967 0.00000000099999999967 
0.00000000099999999967 0.68048002848238486884 0.00000000099999999967 0.00000000099999999967 0.31951996551761518983 0.00000000099999999967 0.00000000099999999967 0.00000000099999999967 
0.00000000099999999962 0.00000000099999999962 0.00000000099999999962 0.00000000099999999962 0.00000000099999999962 0.88122699090872880223 0.00000000099999999962 0.11877300309127120093 
0.00000000099999999974 0.00000000099999999974 0.52756747698295980431 0.00000000099999999974 0.00000000099999999974 0.47134495767295719881 0.00108756034408306825 0.00000000099999999974 
0.00000000099999999927 0.00000000099999999927 0.00000000099999999927 0.00000000099999999927 0.00000000099999999927 0.99999999300000008695 0.00000000099999999927 0.00000000099999999927 
0.00000000099999999966 0.03545187544476906261 0.00000000099999999966 0.00000000099999999966 0.96454811855523092667 0.00000000099999999966 0.00000000099999999966 0.00000000099999999966 
0.00000000099999999914 0.00000000099999999914 0.00000000099999999914 0.00000000099999999914 0.99999999299999997593 0.00000000099999999914 0.00000000099999999914 0.00000000099999999914 
0.03735144168432136952 0.00000000099999999998 0.00000000099999999998 0.01122156919519409594 0.90575438804431784856 0.03615102597868288803 0.00952157209748380820 0.00000000099999999998 
0.00744872961981596794 0.03233463323779243309 0.01506487895479397682 0.01357438564096506185 0.92137721767084712621 0.01020015287578539612 0.00000000099999999999 0.00000000099999999999 
0.00000000099999999998 0.10244233047175695106 0.00238251975878686195 0.01093533260110178366 0.84769825089872685719 0.03609447742134930248 0.00000000099999999998 0.00044708684827834467 
0.00000000099999999904 0.00000000099999999904 0.00000000099999999904 0.00000000099999999904 0.99999999300000008695 0.00000000099999999904 0.00000000099999999904 0.00000000099999999904 
0.00000000099999999961 0.00000000099999999961 0.00000000099999999961 0.00000000099999999961 0.99999999299999997593 0.00000000099999999961 0.00000000099999999961 0.00000000099999999961 
0.00000000099999999923 0.00000000099999999923 0.00000000099999999923 0.00000000099999999923 0.99999999299999997593 0.00000000099999999923 0.00000000099999999923 0.00000000099999999923 
0.00650127957606019390 0.02804062527074265357 0.32822535277300418644 0.12486993373752930392 0.49481968622891381315 0.00463563750891179613 0.01290748390483797102 0.00000000099999999995 
0.03143098315087713285 0.19677656327149786741 0.00000000099999999995 0.02465683939625240920 0.32165903358983094495 0.29229662352567359340 0.09696817809642702124 0.03621177796944101412 
0.05317453533526079329 0.07666497169953657986 0.03114757090440261819 0.00065969874460443249 0.73975461375462170377 0.09859860756157370898 0.00000000099999999998 0.00000000099999999998 
0.08831697283790727881 0.02390418393591448726 0.09413064980466598342 0.03642655849118773409 0.14630378503793922684 0.27128924876417648271 0.32629311213314321494 0.01333548899506565265 
0.06044223188182019924 0.03247569012042774567 0.00000000099999999999 0.01960178872762913596 0.55640906951567736805 0.22265339862043639907 0.08872749877156965725 0.01969032136243945019 
0.03598243299092128422 0.07440039899377078048 0.23289082082218112713 0.04709688359511988304 0.52095735133850795684 0.03256441383801812750 0.05610769742148084827 0.00000000099999999999 
0.00000000099999999983 0.00000000099999999983 0.00000000099999999983 0.00000000099999999983 0.99999999300000008695 0.00000000099999999983 0.00000000099999999983 0.00000000099999999983 
0.05505517967344701613 0.08048255808794896327 0.04244554495127701027 0.00059734382827774431 0.49840021542370666063 0.19191667665931086417 0.13110248037603186577 0.00000000100000000000 
0.00811748904649718661 0.08294761012081894314 0.13970565894001674145 0.23932793042743696899 0.39360565554167936675 0.03777905348554769227 0.06837057138536938028 0.03014603105263380378 
0.00000000099999999978 0.00000000099999999978 0.00000000099999999978 0.00000000099999999978 0.99100284458907073049 0.00899714941092927788 0.00000000099999999978 0.00000000099999999978 
0.00000000099999999989 0.51939003443692455253 0.38305019900113207454 0.09585679100032626354 0.00170297156161720235 0.00000000099999999989 0.00000000099999999989 0.00000000099999999989 
0.01002824146375904529 0.00000000099999999998 0.01306125981669475390 0.00753781410733928882 0.93235945028361721931 0.00944805543814227107 0.02756517689044728908 0.00000000099999999998 
0.00226142933916002528 0.00000000099999999998 0.05573794209627083024 0.14506317764970091955 0.03220275843357916362 0.21109435199666634619 0.39652421258146736127 0.15711612690315535090 
0.01187420089081798850 0.00000000099999999977 0.78564546354204201073 0.14066330631484086355 0.00000000099999999977 0.06181702525229920697 0.00000000099999999977 0.00000000099999999977 
0.00000000099999999924 0.00000000099999999924 0.00000000099999999924 0.00000000099999999924 0.99999999300000008695 0.00000000099999999924 0.00000000099999999924 0.00000000099999999924 
0.01255948847097371895 0.05529523996993994384 0.00873193044955579076 0.00689468707777258095 0.88141227212587369699 0.03510637990588433982 0.00000000099999999993 0.00000000099999999993 
0.00000000099999999992 0.00000000099999999992 0.01296753783422608178 0.06267044689028747340 0.00390705348962515960 0.25465872144736090288 0.56487832258517822748 0.10091791575332205444 
0.00000000099999999853 0.99999999300000008695 0.00000000099999999853 0.00000000099999999853 0.00000000099999999853 0.00000000099999999853 0.00000000099999999853 0.00000000099999999853 
0.00000000099999999803 0.99999999300000008695 0.00000000099999999803 0.00000000099999999803 0.00000000099999999803 0.00000000099999999803 0.00000000099999999803 0.00000000099999999803 
0.00000000099999999795 0.99999999299999986491 0.00000000099999999795 0.00000000099999999795 0.00000000099999999795 0.00000000099999999795 0.00000000099999999795 0.00000000099999999795 
0.00000000099999999891 0.90624455498980338586 0.00000000099999999891 0.00000000099999999891 0.09375543901019668669 0.00000000099999999891 0.00000000099999999891 0.00000000099999999891 
0.00000000099999999978 0.47001190762703948245 0.50597794766721870818 0.00000000099999999978 0.02401013970574190567 0.00000000099999999978 0.00000000099999999978 0.00000000099999999978 
0.00361055621620771103 0.20168325827690944396 0.46089631301469419222 0.02968362108287406903 0.26031881419642288744 0.03476298514162503434 0.00811846848969948083 0.00092598358156724208 
0.00000000099999999809 0.00000000099999999809 0.00000000099999999809 0.99999999299999997593 0.00000000099999999809 0.00000000099999999809 0.00000000099999999809 0.00000000099999999809 
0.00000000099999999807 0.00000000099999999807 0.00000000099999999807 0.99999999299999986491 0.00000000099999999807 0.00000000099999999807 0.00000000099999999807 0.00000000099999999807 
0.00000000099999999809 0.00000000099999999809 0.00000000099999999809 0.99999999299999986491 0.00000000099999999809 0.00000000099999999809 0.00000000099999999809 0.00000000099999999809 
0.03261058456070339145 0.00000198059634276518 0.16044749268520516750 0.00000000099999999989 0.10471176832841527782 0.12006552672109102597 0.58216264510824233813 0.00000000099999999989 
0.08646071715554871917 0.03833583479140385830 0.08124469816115496845 0.02460474406163992711 0.55436477240734216565 0.16044111282355760784 0.05454811959935268462 0.00000000099999999999 
0.12178309694517831796 0.04448292284274626279 0.08039840250348914696 0.03221681803618142020 0.35861944437247939010 0.24711150383969149313 0.11538781046023392773 0.00000000100000000000 
0.14806069216626932539 0.07318812457327661392 0.12567390607562289873 0.00245264498090066443 0.32085974923262550185 0.20548273687581120051 0.10928424936018174551 0.01499789673531211169 
0.16129600354955506147 0.06165609419539163499 0.02241470743812798080 0.04463102844669172148 0.20586315143558042706 0.30802799695357002685 0.17994756899367531089 0.01616344898740800645 
0.04280751537642270982 0.00544186949842323173 0.18363492120752761272 0.02994067478056869000 0.03950717351111931314 0.12265856390140850163 0.50414361333124335651 0.07186566839328670242 
0.99999999299999997593 0.00000000099999999853 0.00000000099999999853 0.00000000099999999853 0.00000000099999999853 0.00000000099999999853 0.00000000099999999853 0.00000000099999999853 
0.99999999300000008695 0.00000000099999999803 0.00000000099999999803 0.00000000099999999803 0.00000000099999999803 0.00000000099999999803 0.00000000099999999803 0.00000000099999999803 
0.96206361842495924375 0.00000000099999999982 0.00000000099999999982 0.00000000099999999982 0.00000000099999999982 0.03793637557504080798 0.00000000099999999982 0.00000000099999999982 
0.99999999299999997593 0.00000000099999999848 0.00000000099999999848 0.00000000099999999848 0.00000000099999999848 0.00000000099999999848 0.00000000099999999848 0.00000000099999999848 
0.99999999299999986491 0.00000000099999999799 0.00000000099999999799 0.00000000099999999799 0.00000000099999999799 0.00000000099999999799 0.00000000099999999799 0.00000000099999999799 
0.99999999299999986491 0.00000000099999999794 0.00000000099999999794 0.00000000099999999794 0.00000000099999999794 0.00000000099999999794 0.00000000099999999794 0.00000000099999999794 
0.99999999299999986491 0.00000000099999999788 0.00000000099999999788 0.00000000099999999788 0.00000000099999999788 0.00000000099999999788 0.00000000099999999788 0.00000000099999999788 
0.02094274889164311065 0.00000000099999999999 0.13507080786629899194 0.00000000099999999999 0.03340024590712147023 0.26526191919957514687 0.46580433158167910968 0.07951994455368226189 
0.99999999299999986491 0.00000000099999999796 0.00000000099999999796 0.00000000099999999796 0.00000000099999999796 0.00000000099999999796 0.00000000099999999796 0.00000000099999999796 
0.99999999300000008695 0.00000000099999999805 0.00000000099999999805 0.00000000099999999805 0.00000000099999999805 0.00000000099999999805 0.00000000099999999805 0.00000000099999999805 
0.99999999299999997593 0.00000000099999999801 0.00000000099999999801 0.00000000099999999801 0.00000000099999999801 0.00000000099999999801 0.00000000099999999801 0.00000000099999999801 
0.99999999300000008695 0.00000000099999999809 0.00000000099999999809 0.00000000099999999809 0.00000000099999999809 0.00000000099999999809 0.00000000099999999809 0.00000000099999999809 
0.99999999299999997593 0.00000000099999999786 0.00000000099999999786 0.00000000099999999786 0.00000000099999999786 0.00000000099999999786 0.00000000099999999786 0.00000000099999999786 
0.99999999299999986491 0.00000000099999999790 0.00000000099999999790 0.00000000099999999790 0.00000000099999999790 0.00000000099999999790 0.00000000099999999790 0.00000000099999999790 
0.00299286999439795287 0.00000000099999999995 0.19428420844993665728 0.07844926181902016349 0.04830513111213795285 0.28371583541630274183 0.39225269120820455138 0.00000000099999999995 
0.00000000099999999992 0.00000000099999999992 0.04254614943569260538 0.03857329735591178560 0.00000000099999999992 0.14786448173072996859 0.72522494792891745163 0.04579112054874826671 
0.00000000099999999977 0.00000000099999999977 0.00000000099999999977 0.02168223519485570211 0.00000000099999999977 0.20923481681839942170 0.66653887226667618560 0.10254407172006871352 
0.00339002125253977599 0.02851969544888079827 0.00000000099999999996 0.05939790092161502388 0.37122873467029932071 0.18711002439670335051 0.30848119835538390099 0.04187242395457766581 
0.00000000099999999981 0.00000000099999999981 0.04149388874425881391 0.01484580911134926635 0.00000000099999999981 0.27346438766135217069 0.63403257149461589304 0.03616333998842399811 
0.00000000099999999980 0.00000000099999999980 0.00000000099999999980 0.03935854051384120311 0.00000000099999999980 0.25489324758861159337 0.69412202198353356586 0.01162618591401352354 
0.00000000099999999979 0.00000000099999999979 0.00000000099999999979 0.03929111069592516881 0.00000000099999999979 0.25332976752794239550 0.69453689236544802199 0.01284222541068438112 
0.00000000099999999985 0.00000000099999999985 0.00000000099999999985 0.04653292772083499063 0.00000000099999999985 0.35052315326544714047 0.46972795494520042103 0.13321596006851735283 
0.00000000099999999965 0.00000000099999999965 0.00000000099999999965 0.00000000099999999965 0.00000000099999999965 0.30950103716697868750 0.64179860707965907807 0.04870035075336220237 
0.00000000099999999996 0.27154358519929056026 0.02618158469243140468 0.03214233625996536919 0.16373846785795925785 0.21505423420160205139 0.29133978978875130217 0.00000000099999999996 
0.00000000099999999969 0.00000000099999999969 0.00000000099999999969 0.04799522426048309642 0.00000000099999999969 0.34243233392031208195 0.52905697934749629230 0.08051545847170850367 
0.00000000099999999996 0.27186357304647140731 0.02719315874751479858 0.02974103343155651627 0.16407197571247891799 0.21585584322077491781 0.29127441384120333900 0.00000000099999999996 
0.00000000099999999988 0.00000000099999999988 0.07770555047551296057 0.01490032613083600715 0.00000000099999999988 0.04739380120990805551 0.65543020000806606618 0.20457011917567693993 
0.02946926488163089872 0.00000000099999999999 0.17961686727313236345 0.06249776451581408321 0.02948371258326671837 0.12947705806661058414 0.55185302706367256320 0.01760230461587294903 
0.01446251365731085828 0.01304753208911962371 0.42971283578468932873 0.44884127015403929573 0.00757713244810582186 0.03247282435325593575 0.05388589051347898728 0.00000000099999999999 
0.00000000099999999971 0.00000000099999999971 0.84661271102969959390 0.15338728297030043701 0.00000000099999999971 0.00000000099999999971 0.00000000099999999971 0.00000000099999999971 
0.00000000099999999976 0.00000000099999999976 0.77253282079983931485 0.02992754481576294021 0.00000000099999999976 0.00304919297325924581 0.14777635022656843145 0.04671408818457011697 
0.01539343682276002843 0.00000000099999999999 0.00000000099999999999 0.05272281092207278808 0.01927731746694813161 0.11672796680943775538 0.47565367768997057762 0.32022478828881068003 
0.01287984510571985215 0.00000000099999999999 0.02809778903498376043 0.00886731252996309123 0.01504373200839087023 0.10780000482729122646 0.48611319651847273438 0.34119811897517832167 
0.01747697493764367380 0.00080076647930341993 0.02207546765345893766 0.00000000099999999998 0.01126499900202089163 0.24204185782742532185 0.48826250237466511939 0.21807743072548263497 
0.00000000099999999989 0.00000000099999999989 0.09559473150366935845 0.00000000099999999989 0.00568940533409279577 0.11214616692555676170 0.64364283737780503269 0.14292685585887598965 
0.00000000099999999975 0.00000000099999999975 0.26260424010354116442 0.06195015626511757301 0.00000000099999999975 0.08011109754420556173 0.52202140832283105976 0.07331309476430473981 
0.00931526221930949888 0.00753604713610698477 0.09394141503718578257 0.00000000099999999999 0.00028282923025688020 0.15544456446235008218 0.46381126634763203409 0.26966861456715873757 
0.00000000099999999980 0.00000000099999999980 0.48194745923620035954 0.00644619423087266184 0.00000000099999999980 0.00000000099999999980 0.44310920569227985055 0.06849713684064712149 
0.00000000099999999973 0.00000000099999999973 0.68245352833886474553 0.06305410975929483242 0.00000000099999999973 0.00000000099999999973 0.21653926230838640987 0.03795309559345397266 
0.00000000099999999916 0.00000000099999999916 0.67305092709045466481 0.00000000099999999916 0.00000000099999999916 0.00000000099999999916 0.00000000099999999916 0.32694906690954539386 
0.00000000099999999895 0.00000000099999999895 0.99999999299999986491 0.00000000099999999895 0.00000000099999999895 0.00000000099999999895 0.00000000099999999895 0.00000000099999999895 
0.00000000099999999984 0.00000000099999999984 0.42047502132163899757 0.00000000099999999984 0.00000000099999999984 0.13052190464965071626 0.28949769508114348016 0.15950537494756691914 
0.00000000099999999972 0.00000000099999999972 0.85818868136959292059 0.00159873448695643273 0.00000000099999999972 0.00000000099999999972 0.09170050420566830396 0.04851207593778227717 
0.00000000099999999946 0.00000000099999999946 0.23101202665015069249 0.00000000099999999946 0.00000000099999999946 0.00000000099999999946 0.00000000099999999946 0.76898796734984942169 
0.00000000099999999981 0.00000000099999999981 0.14529935422556980451 0.01276925549313032843 0.00000000099999999981 0.04983409478832532408 0.47656353108106630501 0.31553376141190830895 
0.00000000099999999988 0.00000000099999999988 0.16471460057403944366 0.02350402278687443655 0.00000000099999999988 0.43913372672749811931 0.37264764591158794360 0.00000000099999999988 
0.00000000099999999882 0.00000000099999999882 0.99999999299999986491 0.00000000099999999882 0.00000000099999999882 0.00000000099999999882 0.00000000099999999882 0.00000000099999999882 
0.01476040656519310608 0.00000000099999999998 0.09558035458504783588 0.01802690024707026203 0.01828134847402052704 0.27217388580963253197 0.48670205594132748272 0.09447504737770823224 
0.00000000099999999991 0.00000000099999999991 0.00000000099999999991 0.00000000099999999991 0.00000000099999999991 0.49005962938012370689 0.48847018391257868153 0.02147018170729749972 
0.03589881708781220149 0.00000000099999999994 0.06542688827588391542 0.00000000099999999994 0.03473612767568114851 0.17340721985898260860 0.62909156433298585309 0.06143938076865415598 
0.03536096546709824318 0.02173945227161887261 0.16575363664532366537 0.02363237586014364094 0.03819744037894410443 0.21658923767373958191 0.34975372781479469042 0.14897316388833709011 
0.09429198797575781554 0.04073385341203091675 0.08608209168125546817 0.03336689353073078040 0.29178252116287761719 0.15211148855779188516 0.30163116267955536465 0.00000000100000000000 
0.00000000099999999985 0.00000000099999999985 0.11817641779690357673 0.01351105007648741550 0.00000000099999999985 0.00000000099999999985 0.60853945317320223829 0.25977307495340673515 
0.01037810738833682030 0.00000000099999999991 0.15499935632779729411 0.00000000099999999991 0.00000000099999999991 0.06062485904507940171 0.65861459457237792048 0.11538307966640862223 
0.03747912438805454244 0.00702687384680406469 0.26050745615130654897 0.05713894609817128656 0.03129291113839130500 0.19426147313625657942 0.37181171707128135573 0.04048149816973423826 
0.00000000099999999878 0.99999999299999997593 0.00000000099999999878 0.00000000099999999878 0.00000000099999999878 0.00000000099999999878 0.00000000099999999878 0.00000000099999999878 
0.00000000099999999806 0.99999999300000008695 0.00000000099999999806 0.00000000099999999806 0.00000000099999999806 0.00000000099999999806 0.00000000099999999806 0.00000000099999999806 
0.00000000099999999798 0.99999999299999986491 0.00000000099999999798 0.00000000099999999798 0.00000000099999999798 0.00000000099999999798 0.00000000099999999798 0.00000000099999999798 
0.00000000099999999958 0.00000000099999999958 0.42968417497211014444 0.57031581902788985872 0.00000000099999999958 0.00000000099999999958 0.00000000099999999958 0.00000000099999999958 
0.00000000099999999982 0.00000000099999999982 0.39754317006234507481 0.16577386470036648003 0.00000000099999999982 0.27755466639735087986 0.08559171045908284259 0.07353658538085476593 
0.00000000099999999990 0.00000000099999999990 0.00000000099999999990 0.03134734370293907474 0.00000000099999999990 0.56897362116481631222 0.22744529057938625560 0.17223374055285831097 
0.00000000099999999979 0.00000000099999999979 0.00000000099999999979 0.15111880077180844806 0.00000000099999999979 0.35698239417737437362 0.28716478224282376841 0.20473401880799338426 
0.00000000099999999979 0.00000000099999999979 0.00000000099999999979 0.15339387477946450633 0.00000000099999999979 0.35173279570872689748 0.28284485718670909771 0.21202846832509944508 
0.00000000099999999979 0.00000000099999999979 0.00000000099999999979 0.14957134759845677752 0.00000000099999999979 0.35431233078917850898 0.28916513858022879768 0.20695117903213591792 
0.00000000099999999978 0.00000000099999999978 0.00000000099999999978 0.00000000099999999978 0.00000000099999999978 0.24071903282483822495 0.59796414096320715803 0.16131682121195473067 
0.00000000099999999971 0.00000000099999999971 0.00000000099999999971 0.00000000099999999971 0.00000000099999999971 0.19235888377972640284 0.54598564887873934914 0.26165546234153430616 
0.00000000099999999980 0.00000000099999999980 0.00000000099999999980 0.00000000099999999980 0.00000000099999999980 0.03924528334124881279 0.59791776937631380129 0.36283694228243734692 
0.12404785989390366974 0.07657250724949872522 0.06220825929820034822 0.02832078113810932232 0.45861644192810158138 0.17376546745118748305 0.07646868204099879773 0.00000000099999999999 
0.01783796604857888768 0.01419052923476448250 0.05561696277655391735 0.02252522959033919844 0.03792318591313371956 0.07467708091957168948 0.49158898647663817894 0.28564005904041989137 
0.04573356865884224687 0.04254630334124295810 0.02457356637013034112 0.00000000099999999999 0.30965352474703350394 0.03918328182238957347 0.33777370392261363286 0.20053605013774777888 
0.07760515605632713199 0.03904257211205242745 0.08510204305204017994 0.02202364999450608790 0.22346315329456839516 0.07543618309690940105 0.47728004725886186144 0.00004719513473446657 
0.00000000099999999991 0.00000000099999999991 0.02789877375524673145 0.00000000099999999991 0.00000000099999999991 0.29286910466329557634 0.47122295853388168618 0.20800915904757602548 
0.00907818243740279515 0.00000000099999999994 0.08393122702611477415 0.00000000099999999994 0.00000000099999999994 0.31237346350339045831 0.44329746169089195851 0.15131966234220006751 
0.00000000099999999974 0.00000000099999999974 0.00000000099999999974 0.00000000099999999974 0.00000000099999999974 0.00000000099999999974 0.58674849996154765375 0.41325149403845229390 
0.00000000099999999965 0.00000000099999999965 0.00000000099999999965 0.00000000099999999965 0.00000000099999999965 0.00000000099999999965 0.59383640653836866630 0.40616358746163122584 
0.00000000099999999961 0.00000000099999999961 0.00000000099999999961 0.00000000099999999961 0.00000000099999999961 0.00000000099999999961 0.59418588416580286893 0.40581410983419696770 
0.00000000099999999949 0.00000000099999999949 0.00018230312320629722 0.05378295264699951145 0.00000000099999999949 0.00000000099999999949 0.94603473922979419708 0.00000000099999999949 
0.00000000099999999947 0.00000000099999999947 0.00000000099999999947 0.00376776047518919939 0.00000000099999999947 0.00000000099999999947 0.99570689597101080803 0.00052533855380007489 
0.00000000099999999971 0.00000000099999999971 0.03477488258367871649 0.00000000099999999971 0.00000000099999999971 0.00000000099999999971 0.92503176087560190499 0.04019335154071947830 
0.00000000099999999940 0.00000000099999999940 0.10578370572038463260 0.04178403826811037669 0.00000000099999999940 0.00000000099999999940 0.85243225101150488232 0.00000000099999999940 
0.00333485712984391480 0.00000000099999999997 0.17840582059742010612 0.18653853557155317122 0.00000000099999999997 0.00000000099999999997 0.63172078270118259269 0.00000000099999999997 
0.00000000099999999995 0.00296711271105352557 0.01464464766163585917 0.06501581706208003908 0.00000000099999999995 0.04108340055684853165 0.87628901900838196415 0.00000000099999999995 
0.00000000099999999945 0.00000000099999999945 0.00000000099999999945 0.00000000099999999945 0.00000000099999999945 0.00000000099999999945 0.97705076709137594904 0.02294922690862404024 
0.00000000099999999948 0.00000000099999999948 0.02442780759284034209 0.00000000099999999948 0.00000000099999999948 0.00000000099999999948 0.97557218640715970270 0.00000000099999999948 
0.00000000099999999977 0.00000000099999999977 0.06004701689529474279 0.03175543161008905629 0.00000000099999999977 0.00000000099999999977 0.90819754649461614804 0.00000000099999999977 
0.00000000099999999974 0.00000000099999999974 0.06995195981107477090 0.04122800219664172344 0.00000000099999999974 0.00000000099999999974 0.88882003299228351523 0.00000000099999999974 
0.00000000099999999975 0.00000000099999999975 0.00000000099999999975 0.00000000099999999975 0.00000000099999999975 0.97974185316011208613 0.00000000099999999975 0.02025814083988799336 
0.00000000099999999987 0.00000000099999999987 0.12667649543311551574 0.00000000099999999987 0.00000000099999999987 0.05052383436464039784 0.77020769947565148605 0.05259196672659262328 
0.00000000099999999967 0.00000000099999999967 0.00000000099999999967 0.06259917544837527437 0.00000000099999999967 0.85521586000414362427 0.00000000099999999967 0.08218495954748109011 
0.02923779208957369077 0.46933605661678418075 0.00319869046911055045 0.00972654327650053843 0.32935145275872518278 0.05935231589030183497 0.08226478880592587306 0.01753236009307812537 
0.00045580321735358263 0.01811798044210332845 0.10992442081514011698 0.01563612415133958794 0.04566102923154473359 0.05918454907358958184 0.61016274929371183688 0.14085734377521719196 
0.00000000099999999992 0.00766137407876050017 0.05041937281989927744 0.02276974554151868155 0.00000000099999999992 0.91660238128396742674 0.00000000099999999992 0.00254712327585410094 
0.00000000099999999955 0.00000000099999999955 0.00000000099999999955 0.00000000099999999955 0.00000000099999999955 0.00000000099999999955 0.93488748918900854701 0.06511250481099149778 
0.00000000099999999938 0.00000000099999999938 0.70873271083611233401 0.00000000099999999938 0.00000000099999999938 0.00000000099999999938 0.29126728316388761364 0.00000000099999999938 
0.00000000099999999955 0.00000000099999999955 0.01693916122637758107 0.00985348512843875132 0.00000000099999999955 0.00000000099999999955 0.97320734864518365637 0.00000000099999999955 
0.00000000099999999926 0.00000000099999999926 0.00000000099999999926 0.00000000099999999926 0.00000000099999999926 0.00000000099999999926 0.99999999299999997593 0.00000000099999999926 
0.00000000099999999950 0.00000000099999999950 0.00000000099999999950 0.00000000099999999950 0.00000000099999999950 0.00000000099999999950 0.99999999299999997593 0.00000000099999999950 
0.00000000099999999970 0.00000000099999999970 0.00000000099999999970 0.01773290888403873666 0.00000000099999999970 0.00000000099999999970 0.92640977964616932905 0.05585730646979192304 
0.00520998430191728888 0.01793696434659974512 0.01596069302687392125 0.07105757755580958956 0.00000000099999999997 0.09025250564139522536 0.79958227312740426385 0.00000000099999999997 
0.00000000099999999955 0.00000000099999999955 0.19922823745064238699 0.04950028163784817720 0.00000000099999999955 0.00000000099999999955 0.75127147591150944539 0.00000000099999999955 
0.00000000099999999929 0.00000000099999999929 0.00000000099999999929 0.00000000099999999929 0.00000000099999999929 0.00000000099999999929 0.96545198906662765825 0.03454800493337235878 
0.00000000099999999934 0.00000000099999999934 0.00000000099999999934 0.00000000099999999934 0.00000000099999999934 0.00000000099999999934 0.91602110068963304990 0.08397889331036685612 
0.00000000520633088187 0.00000000099999999997 0.21863718703164652934 0.03930162018036471167 0.00000000335177348912 0.03470534968075140309 0.49478273751111290224 0.21257309603802018727 
0.03607957852171733010 0.01301525916546714297 0.25289273065322592782 0.07532327170328967370 0.02162016060610887774 0.10650722407593321561 0.46094117681558222088 0.03362059845867548802 
0.02518237088850669089 0.00491169750246140280 0.15168734423320290317 0.03278494154864019378 0.02262277037668047885 0.06363276369161985357 0.59599058062301457639 0.10318753113587386672 
0.00000000099999999998 0.00000000181835452385 0.07642578832589341786 0.00000000099999999998 0.00000000099999999998 0.23180283789453828835 0.53892927890592889906 0.15284209005528498482 
0.00000000099999999982 0.00000000099999999982 0.00000000099999999982 0.01811930590721524265 0.00000000099999999982 0.15933518586571848719 0.55072448982783783755 0.27182101439922856656 
0.00000000099999999980 0.00000000099999999980 0.00000000099999999980 0.01009794503980669667 0.00000000099999999980 0.19497042348445275950 0.53925460979455153154 0.25567701768118894501 
0.00000000099999999993 0.00000000099999999993 0.73821781774711525692 0.11056437686679364274 0.00000000099999999993 0.09478874085681025796 0.02884473314547115683 0.02758432838380969407 
0.00000000099999999961 0.00000000099999999961 0.00000000099999999961 0.04713681087152434002 0.00000000099999999961 0.92694171446361894873 0.02570212916425318114 0.00021934150060360684 
0.00000000099999999974 0.00000000099999999974 0.00000000099999999974 0.09262234181614056872 0.00000000099999999974 0.00000000099999999974 0.90737765218385946220 0.00000000099999999974 
0.00000000099999999900 0.00000000099999999900 0.00000000099999999900 0.00000000099999999900 0.00000000099999999900 0.99999999299999997593 0.00000000099999999900 0.00000000099999999900 
0.00000000099999999906 0.00000000099999999906 0.00000000099999999906 0.00000000099999999906 0.00000000099999999906 0.99999999300000008695 0.00000000099999999906 0.00000000099999999906 
